0.59 0.55 0.24 0.71 0.47 0.64 0.07 0.16 0.02 0.21 
0.47 0.73 0.16 0.26 0.28 0.09 0.61 0.36 0.37 0.58 
0.12 0.71 0.12 0.32 0.4 0.9 0.4 0.89 0.44 0.65 
0.26 0.83 0.12 0.48 0.95 0.57 0.53 0.59 0.69 0.54 
0.7 0.4 0.9 0.07 0.24 0.82 0.51 0.29 0.41 0.45 
0.38 0.81 0.28 0.89 0.72 0.97 0.62 0.94 0.95 0.77 
0.18 0.23 0.35 0.94 0.51 0.81 0.45 0.6 0.04 0.65 
0.16 0.09 0.07 0.54 0.06 0.55 0.78 0.75 0.77 0.13 
0.34 0.13 0.44 0.99 0.83 0.56 0.1 0.91 0.73 0.56 
0.99 0.62 0.2 0.91 0.29 0.93 0.78 0.25 0.58 0.42 
0.5 0.35 0.54 0.4 0.81 0.67 0.23 0.85 0.42 0.63 
0.71 0.37 0.23 0.04 0.7 0.19 0.65 0.02 0.3 0.83 
0.53 0.66 0.84 0.69 0.21 0.02 0.37 0.88 0.14 0.44 
0.32 0.05 0.78 0.26 0.58 0.32 0.79 0.67 0.98 0.55 
0.47 0.58 0.19 0.2 0.99 0.01 0.86 0.49 1.0 0.64 
0.79 0.29 0.66 0.28 0.82 0.16 0.43 0.51 0.22 0.42 
0.3 0.63 0.25 0.24 0.77 0.1 0.84 0.2 0.97 0.96 
0.15 0.35 0.16 0.45 0.05 0.55 0.07 0.88 0.74 0.4 
0.37 0.11 0.82 0.08 0.73 0.43 0.35 0.69 0.97 0.26 
0.65 0.19 0.19 0.48 0.13 0.9 0.32 0.17 0.15 0.45 
