0.239418294207283 0.1260206668449464 0.239418294207283 0.239418294207283 0.15572445053320458 
0.19525804121807178 0.10618021822534521 0.29619076116561893 0.29619076116561893 0.10618021822534521 
0.20572133881923121 0.2520355018974585 0.16826091023203954 0.16826091023203954 0.20572133881923121 
0.2773243074986592 0.09941686017996719 0.09941686017996719 0.09941686017996719 0.42442511196143934 
0.3149430355956448 0.17126424110108873 0.17126424110108873 0.17126424110108873 0.17126424110108873 
0.23410279603810327 0.19147430099047413 0.19147430099047413 0.19147430099047413 0.19147430099047413 
0.22453136198566015 0.22453136198566015 0.18364575867622646 0.18364575867622646 0.18364575867622646 
0.22453136198566015 0.22453136198566015 0.18364575867622646 0.18364575867622646 0.18364575867622646 
0.46995385822993646 0.15561436731404865 0.06703073431984893 0.06703073431984893 0.24037030581631685 
0.19455677292453688 0.292627785487911 0.15912933433150755 0.15912933433150755 0.19455677292453688 
0.2520355018974585 0.20572133881923121 0.16826091023203954 0.16826091023203954 0.20572133881923121 
0.45112190371213795 0.03499027512329187 0.23073820558500568 0.23073820558500568 0.05241140999455851 
0.2690579447148641 0.21915883938712738 0.1463121882554405 0.1463121882554405 0.21915883938712738 
0.20572133881923121 0.2520355018974585 0.16826091023203954 0.16826091023203954 0.20572133881923121 
0.2773243074986592 0.09941686017996719 0.09941686017996719 0.09941686017996719 0.42442511196143934 
0.3149430355956448 0.17126424110108873 0.17126424110108873 0.17126424110108873 0.17126424110108873 
0.23410279603810327 0.19147430099047413 0.19147430099047413 0.19147430099047413 0.19147430099047413 
0.22453136198566015 0.22453136198566015 0.18364575867622646 0.18364575867622646 0.18364575867622646 
0.22453136198566015 0.22453136198566015 0.18364575867622646 0.18364575867622646 0.18364575867622646 
0.46995385822993646 0.15561436731404865 0.06703073431984893 0.06703073431984893 0.24037030581631685 
0.23410279603810327 0.19147430099047413 0.19147430099047413 0.19147430099047413 0.19147430099047413 
0.2 0.2 0.2 0.2 0.2 
0.23410279603810327 0.19147430099047413 0.19147430099047413 0.19147430099047413 0.19147430099047413 
0.215462727748737 0.17356802811462355 0.2681024941202885 0.2681024941202885 0.07476425589606248 
0.2137276688970563 0.17480934314738605 0.17480934314738605 0.17480934314738605 0.26184430166078543 
0.12586693838450025 0.43386497957988945 0.12586693838450025 0.12586693838450025 0.18853420526661 
0.2 0.2 0.2 0.2 0.2 
0.23410279603810327 0.19147430099047413 0.19147430099047413 0.19147430099047413 0.19147430099047413 
0.23410279603810327 0.19147430099047413 0.19147430099047413 0.19147430099047413 0.19147430099047413 
0.23410279603810327 0.19147430099047413 0.19147430099047413 0.19147430099047413 0.19147430099047413 
0.26184430166078543 0.17480934314738605 0.17480934314738605 0.17480934314738605 0.2137276688970563 
0.15912933433150755 0.15912933433150755 0.19455677292453688 0.19455677292453688 0.292627785487911 
0.2 0.2 0.2 0.2 0.2 
0.2568300573905737 0.2568300573905737 0.13879269785081963 0.13879269785081963 0.2087544895172132 
2.6602838683284797E-26 1.0 7.438741191122262E-27 7.438741191122262E-27 2.160743057819849E-24 
2.5992261100209307E-8 1.358672657005193E-8 8.91758477419179E-9 8.91758477419179E-9 0.9999999425858428 
0.14564465232768678 0.341163575288967 0.14564465232768678 0.14564465232768678 0.22190246772797287 
0.03887387912358712 0.0589685514371014 0.43164184515786214 0.43164184515786214 0.03887387912358712 
3.129541400608652E-9 4.666474433046166E-16 0.499999998435229 0.499999998435229 4.3025961437416286E-17 
0.999991556582962 4.534837872747256E-6 1.5823556635330506E-6 1.5823556635330506E-6 7.43867838272785E-7 
0.24385892870602105 0.30985787294821 0.1924623873241455 0.1924623873241455 0.06135842369747782 
0.20978586933985433 0.10483379391541645 0.20978586933985433 0.20978586933985433 0.2658085980650206 
0.027163944216152786 0.03372059693713654 0.011700842019024498 0.011700842019024498 0.9157137748086617 
0.2851694419261547 0.1521336806070776 0.23077457080301253 0.23077457080301253 0.10114773586074231 
0.61283076720443 0.00667893785343021 0.056325855345295224 0.056325855345295224 0.26783858425154977 
0.22453136198566015 0.18364575867622646 0.18364575867622646 0.18364575867622646 0.22453136198566015 
0.46287189623337455 0.13428202594165645 0.13428202594165645 0.13428202594165645 0.13428202594165645 
0.16497393840375685 0.30337560614524467 0.16497393840375685 0.16497393840375685 0.20170257864348454 
0.2 0.2 0.2 0.2 0.2 
0.2 0.2 0.2 0.2 0.2 
0.20572133881923121 0.2520355018974585 0.16826091023203954 0.16826091023203954 0.20572133881923121 
0.23410279603810327 0.19147430099047413 0.19147430099047413 0.19147430099047413 0.19147430099047413 
0.02703357281445808 0.5704647640027601 0.022110946752985194 0.022110946752985194 0.35827976967681163 
0.12546426339036157 0.12546426339036157 0.10261809144750293 0.10261809144750293 0.5438352903242709 
0.2498236298095381 0.16678424679364126 0.16678424679364126 0.16678424679364126 0.2498236298095381 
0.08033485931672686 0.09822004879030265 0.08033485931672686 0.08033485931672686 0.6607753732595166 
0.16693526886622678 0.25108299913619786 0.13653751453534568 0.13653751453534568 0.30890670292688366 
0.2 0.2 0.2 0.2 0.2 
0.15223293055884118 0.3565962088969767 0.06728732582360274 0.06728732582360274 0.3565962088969767 
0.155728132720886 0.23422663694137164 0.12737112013147503 0.12737112013147503 0.3553029900747922 
0.23410279603810327 0.19147430099047413 0.19147430099047413 0.19147430099047413 0.19147430099047413 
0.2 0.2 0.2 0.2 0.2 
0.16280005992887628 0.3714380123003122 0.13315529845707297 0.13315529845707297 0.19945133085666558 
0.1408260538532228 0.17288998572000275 0.09401659618322368 0.09401659618322368 0.498250768060327 
0.16497393840375685 0.30337560614524467 0.16497393840375685 0.16497393840375685 0.20170257864348454 
0.30218824818636864 0.08426956112557396 0.2428560184100133 0.2428560184100133 0.12783015386803087 
0.11792890976442426 0.5450532660380865 0.09564620181948512 0.09564620181948512 0.14572542055851911 
0.3149430355956448 0.17126424110108873 0.17126424110108873 0.17126424110108873 0.17126424110108873 
0.3612704056523108 0.15968239858692226 0.15968239858692226 0.15968239858692226 0.15968239858692226 
0.3967090226483455 0.13295820367709388 0.13295820367709388 0.13295820367709388 0.20441636632037277 
0.21571185274517785 0.21571185274517785 0.17643222088223307 0.17643222088223307 0.21571185274517785 
0.21181568601940584 0.17063011932628797 0.263564442485972 0.263564442485972 0.09042530968236234 
0.20572133881923121 0.20572133881923121 0.1682609102320395 0.1682609102320395 0.2520355018974585 
0.1218322062986298 0.24995600549926522 0.15436715569695897 0.15436715569695897 0.3194774768081869 
