0.10919143568685184 0.16710971978843372 0.25812664436928573 0.25812664436928573 0.20744555578614327 
0.27244750230518255 0.18188812442370433 0.18188812442370433 0.18188812442370433 0.18188812442370433 
0.27244750230518255 0.18188812442370433 0.18188812442370433 0.18188812442370433 0.18188812442370433 
0.048938893095922247 0.3360280433908778 0.17314864974118907 0.17314864974118907 0.2687357640308217 
0.16525687322312066 0.1351647430948161 0.24855856787208955 0.24855856787208955 0.20246124793788436 
0.04627617937307831 0.030767222282366224 0.4077623549272762 0.4077623549272762 0.10743188849000267 
0.2 0.2 0.2 0.2 0.2 
0.2 0.2 0.2 0.2 0.2 
0.5625772299068788 0.17699774714346872 0.07346980724695562 0.07346980724695562 0.11348540845574133 
0.2 0.2 0.2 0.2 0.2 
0.054721551117019214 0.054721551117019214 0.3681392323667637 0.3681392323667637 0.1542784330324344 
0.2664925875830114 0.2664925875830114 0.14491716155955217 0.14491716155955217 0.1771805017148727 
0.2803483382118881 0.22835533249813364 0.1524518403685391 0.1524518403685391 0.1863926485529 
0.27244750230518255 0.18188812442370433 0.18188812442370433 0.18188812442370433 0.18188812442370433 
0.048938893095922247 0.3360280433908778 0.17314864974118907 0.17314864974118907 0.2687357640308217 
0.16525687322312066 0.1351647430948161 0.24855856787208955 0.24855856787208955 0.20246124793788436 
0.04627617937307831 0.030767222282366224 0.4077623549272762 0.4077623549272762 0.10743188849000267 
0.2 0.2 0.2 0.2 0.2 
0.2 0.2 0.2 0.2 0.2 
0.5625772299068788 0.17699774714346872 0.07346980724695562 0.07346980724695562 0.11348540845574133 
0.3149430355956448 0.17126424110108873 0.17126424110108873 0.17126424110108873 0.17126424110108873 
0.0912776069430139 0.11159901297714926 0.31463510259902105 0.31463510259902105 0.1678531748817946 
0.22302275006234462 0.14889176582436528 0.22302275006234462 0.22302275006234462 0.1820399839886009 
0.23410279603810327 0.19147430099047413 0.19147430099047413 0.19147430099047413 0.19147430099047413 
0.1578079704226164 0.2901978891013846 0.1578079704226164 0.1578079704226164 0.236378199630766 
0.24293505077651895 0.1621853765171327 0.19829319090211614 0.19829319090211614 0.19829319090211614 
0.2 0.2 0.2 0.2 0.2 
0.025707446143072313 0.03143077159681901 0.41655646798007284 0.41655646798007284 0.10974884629996286 
0.5698741772005067 0.10753145569987334 0.10753145569987334 0.10753145569987334 0.10753145569987334 
0.27244750230518255 0.18188812442370433 0.18188812442370433 0.18188812442370433 0.18188812442370433 
0.2 0.2 0.2 0.2 0.2 
0.14792207871305224 0.33466349362549 0.14792207871305224 0.14792207871305224 0.22157027023535322 
0.2 0.2 0.2 0.2 0.2 
0.2977178031149623 0.2419885298508336 0.1315919935860436 0.1315919935860436 0.19710967986211678 
0.8711787109102864 0.015044767478190044 0.0428793331550478 0.0428793331550478 0.028017855301427974 
4.26914621114712E-20 0.9999999999999842 1.0284895114250163E-19 1.0284895114250163E-19 1.5706463139488625E-14 
7.336621586404073E-24 8.146325888169395E-23 0.5 0.5 1.442027842954497E-17 
0.292627785487911 0.19455677292453688 0.15912933433150755 0.15912933433150755 0.19455677292453688 
0.870061310360947 0.02909548317968107 0.03587386163984544 0.03587386163984544 0.02909548317968107 
0.9963813005340469 0.0021460507880042188 2.996404131810261E-4 2.996404131810261E-4 8.733678515864416E-4 
0.9999999999997573 7.760930403560582E-14 5.116243540701358E-14 5.116243540701358E-14 6.294499942115672E-14 
0.2298689944478637 0.5892554403534709 0.032095251826691464 0.032095251826691464 0.11668506154528208 
0.00279796476292416 0.661664733305305 0.05889208928833614 0.05889208928833614 0.21775312335509836 
0.46287189623337455 0.13428202594165645 0.13428202594165645 0.13428202594165645 0.13428202594165645 
0.01403602217742139 0.9608409697089282 0.001197726507361456 0.001197726507361456 0.022727555098927404 
0.18364575867622646 0.22453136198566015 0.18364575867622646 0.18364575867622646 0.22453136198566015 
0.3149430355956448 0.17126424110108873 0.17126424110108873 0.17126424110108873 0.17126424110108873 
0.27244750230518255 0.18188812442370433 0.18188812442370433 0.18188812442370433 0.18188812442370433 
0.2 0.2 0.2 0.2 0.2 
0.2 0.2 0.2 0.2 0.2 
0.2 0.2 0.2 0.2 0.2 
0.2 0.2 0.2 0.2 0.2 
0.10207148172696502 0.5708723014815058 0.0678633372402175 0.0678633372402175 0.19132954231109395 
0.07384949035954672 0.6356463732349267 0.060278873069496836 0.060278873069496836 0.16994639026653305 
0.5890064820394418 0.06526261001492512 0.12314878404628447 0.12314878404628447 0.09943333985306374 
0.02894776933057378 0.7468555093572651 0.03539249760567353 0.03539249760567353 0.15341172610081397 
0.11595264404123742 0.32345103891999977 0.1736837319908059 0.1736837319908059 0.21322885305715095 
0.2 0.2 0.2 0.2 0.2 
0.06175485552814427 0.17600850448316255 0.2718721849346293 0.2718721849346293 0.21849227011943495 
0.2544667340540453 0.31374988182953506 0.11247491579323203 0.11247491579323203 0.2068335525299554 
0.12395885602914182 0.12395885602914182 0.2828194971832333 0.2828194971832333 0.1864432935752495 
0.2 0.2 0.2 0.2 0.2 
0.2 0.2 0.2 0.2 0.2 
0.0681120771216393 0.5729647230209132 0.0834461881356666 0.0834461881356666 0.1920308235861142 
0.11178717062960355 0.07432291891146735 0.32215887689235173 0.32215887689235173 0.16957215667422537 
0.021175811788829737 0.049603027258901033 0.3887790744826623 0.3887790744826623 0.15166301198694443 
0.8711787109102864 0.015044767478190044 0.0428793331550478 0.0428793331550478 0.028017855301427974 
0.27244750230518255 0.18188812442370433 0.18188812442370433 0.18188812442370433 0.18188812442370433 
0.3612704056523108 0.15968239858692226 0.15968239858692226 0.15968239858692226 0.15968239858692226 
0.1908187214287698 0.4510921203243862 0.08363521840903716 0.08363521840903716 0.1908187214287698 
0.10372816542122544 0.12682147644565533 0.2893507357954586 0.2893507357954586 0.19074888654220185 
0.20572133881923121 0.2520355018974585 0.16826091023203954 0.16826091023203954 0.20572133881923121 
0.22835533249813364 0.2803483382118881 0.1524518403685391 0.1524518403685391 0.1863926485529 
0.31012391006284884 0.5021620915351886 0.03270121584325279 0.03270121584325279 0.12231156671545697 
