0.13288316517609083 0.2542138393137618 0.20430099850338257 0.20430099850338257 0.20430099850338257 
0.13108839541045503 0.3656723659599173 0.13108839541045503 0.13108839541045503 0.24106244780871766 
0.19147430099047413 0.19147430099047413 0.19147430099047413 0.19147430099047413 0.23410279603810327 
0.20353717251671105 0.05752793303170689 0.3159003413928432 0.3159003413928432 0.1071342116658958 
0.1536846797760521 0.18789995867687906 0.18789995867687906 0.18789995867687906 0.28261544419331086 
0.11361502700103475 0.11361502700103475 0.31693023323676084 0.31693023323676084 0.13890947952440888 
0.19147430099047413 0.19147430099047413 0.19147430099047413 0.19147430099047413 0.23410279603810327 
0.19147430099047413 0.19147430099047413 0.19147430099047413 0.19147430099047413 0.23410279603810327 
0.1821817645785687 0.09455753060345365 0.1821817645785687 0.1821817645785687 0.35889717566083995 
0.22453136198566015 0.18364575867622646 0.18364575867622646 0.18364575867622646 0.22453136198566015 
0.11646289913390835 0.14239138192914974 0.263489271114926 0.263489271114926 0.21416717670708965 
0.0541312997830409 0.3716805510220234 0.0541312997830409 0.0541312997830409 0.46592554962885374 
0.2138395576792909 0.1745442993828464 0.1745442993828464 0.1745442993828464 0.26252754417217034 
0.19147430099047413 0.19147430099047413 0.19147430099047413 0.19147430099047413 0.23410279603810327 
0.20353717251671105 0.05752793303170689 0.3159003413928432 0.3159003413928432 0.1071342116658958 
0.1536846797760521 0.18789995867687906 0.18789995867687906 0.18789995867687906 0.28261544419331086 
0.11361502700103475 0.11361502700103475 0.31693023323676084 0.31693023323676084 0.13890947952440888 
0.19147430099047413 0.19147430099047413 0.19147430099047413 0.19147430099047413 0.23410279603810327 
0.19147430099047413 0.19147430099047413 0.19147430099047413 0.19147430099047413 0.23410279603810327 
0.1821817645785687 0.09455753060345365 0.1821817645785687 0.1821817645785687 0.35889717566083995 
0.19147430099047413 0.19147430099047413 0.19147430099047413 0.19147430099047413 0.23410279603810327 
0.16678424679364126 0.16678424679364126 0.2498236298095381 0.2498236298095381 0.16678424679364126 
0.17643222088223307 0.17643222088223307 0.21571185274517785 0.21571185274517785 0.21571185274517785 
0.10429949387930243 0.4591724981952046 0.06963117356384406 0.06963117356384406 0.29726566079780503 
0.2605701536082752 0.1416965754677335 0.2122451819968885 0.2122451819968885 0.17324290693021446 
0.23410279603810327 0.19147430099047413 0.19147430099047413 0.19147430099047413 0.19147430099047413 
0.2 0.2 0.2 0.2 0.2 
0.11361502700103475 0.11361502700103475 0.31693023323676084 0.31693023323676084 0.13890947952440888 
0.19147430099047413 0.19147430099047413 0.19147430099047413 0.19147430099047413 0.23410279603810327 
0.17480934314738605 0.2137276688970563 0.17480934314738605 0.17480934314738605 0.26184430166078543 
0.19138277710975451 0.19138277710975451 0.19138277710975451 0.19138277710975451 0.2344688915609822 
0.2771593507801175 0.1225051076172484 0.2252783781418461 0.2252783781418461 0.14977878531894168 
0.2 0.2 0.2 0.2 0.2 
0.21395310502517184 0.17427366521468282 0.17427366521468282 0.17427366521468282 0.2632258993307799 
0.5137342349331901 0.17925895015622276 0.0028180470619183135 0.0028180470619183135 0.3013707207867504 
0.9986410934570751 3.130779882327239E-12 6.794532669025519E-4 6.794532669025519E-4 5.989378510648962E-12 
5.09871404137564E-5 5.09871404137564E-5 0.4999283363082132 0.4999283363082132 4.1353102746004686E-5 
0.2138395576792909 0.1745442993828464 0.1745442993828464 0.1745442993828464 0.26252754417217034 
2.192791466927261E-16 0.9999999949819722 7.523163807511434E-17 7.523163807511434E-17 5.018027515954487E-9 
1.2238765965839784E-7 4.5437871351036205E-5 1.9017984496033466E-8 1.9017984496033466E-8 0.9999544017050203 
0.06305171628856517 0.4941873360927382 0.026917132902402795 0.026917132902402795 0.3889266818138912 
0.33015125993268796 0.25982987552355985 0.10247581087291283 0.10247581087291283 0.2050672427979265 
0.22423361443794304 0.0019835989944552083 0.3850071392977936 0.3850071392977936 0.003768507972014362 
0.12085343326691476 0.34072642186508884 0.09884686150145375 0.09884686150145375 0.34072642186508884 
0.32712025225087676 0.10930729296884185 0.06457432919536486 0.06457432919536486 0.43442379638955164 
0.2075590111955787 0.16976395521768495 0.2075590111955787 0.2075590111955787 0.2075590111955787 
0.11406369730399138 0.1708543069132711 0.11406369730399138 0.11406369730399138 0.48695460117475475 
0.23410279603810327 0.19147430099047413 0.19147430099047413 0.19147430099047413 0.19147430099047413 
0.2 0.2 0.2 0.2 0.2 
0.2 0.2 0.2 0.2 0.2 
0.19147430099047413 0.19147430099047413 0.19147430099047413 0.19147430099047413 0.23410279603810327 
0.19147430099047413 0.19147430099047413 0.19147430099047413 0.19147430099047413 0.23410279603810327 
0.5582570181682349 0.03445238120570626 0.18258399148801976 0.18258399148801976 0.042122617650019144 
0.3867120172170177 0.05748227723967285 0.24916171415181845 0.24916171415181845 0.05748227723967285 
0.1813814932302838 0.12059346289443722 0.275141152733545 0.275141152733545 0.14774273840818877 
0.41134076469157105 0.03190473884674745 0.26242487880746707 0.26242487880746707 0.03190473884674745 
0.25110428201135027 0.11098870380655793 0.25110428201135027 0.25110428201135027 0.13569845015939114 
0.2 0.2 0.2 0.2 0.2 
0.2695747273643275 0.07619284807340262 0.2695747273643275 0.2695747273643275 0.11508296983361495 
0.3210021404589664 0.11507474841754894 0.2116144640236728 0.2116144640236728 0.140694183076139 
0.1608129911354928 0.1608129911354928 0.24087937523083602 0.24087937523083602 0.1966152672673423 
0.2 0.2 0.2 0.2 0.2 
0.22453136198566015 0.18364575867622646 0.18364575867622646 0.18364575867622646 0.22453136198566015 
0.3311402113991439 0.061395406074631356 0.26612349672264257 0.26612349672264257 0.07521738908094001 
0.17718050171487273 0.14491716155955217 0.2664925875830114 0.2664925875830114 0.14491716155955217 
0.09264792302124128 0.17724129451962578 0.27643474396975354 0.27643474396975354 0.17724129451962578 
0.18295113977072008 0.22557329034391968 0.18295113977072008 0.18295113977072008 0.22557329034391968 
0.15420048366210765 0.18853059752140414 0.15420048366210765 0.15420048366210765 0.34886795149227273 
0.1372232489402939 0.20554465306869155 0.1372232489402939 0.1372232489402939 0.3827856001104269 
0.2171507383960596 0.2171507383960596 0.1135094671332144 0.1135094671332144 0.33867958894145184 
0.1608129911354928 0.1608129911354928 0.24087937523083602 0.24087937523083602 0.1966152672673423 
0.13627744620072038 0.39721057364883744 0.07364525245444319 0.07364525245444319 0.31922147524155586 
0.22302275006234462 0.14889176582436528 0.22302275006234462 0.22302275006234462 0.1820399839886009 
0.3969225681260876 0.24369371165754983 0.11979457340545421 0.11979457340545421 0.11979457340545421 
