0.16666666666666666 0.16666666666666666 0.16666666666666666 0.16666666666666666 0.16666666666666666 0.16666666666666666 
0.16666666666666666 0.16666666666666666 0.16666666666666666 0.16666666666666666 0.16666666666666666 0.16666666666666666 
0.16666666666666666 0.16666666666666666 0.16666666666666666 0.16666666666666666 0.16666666666666666 0.16666666666666666 
0.16666666666666666 0.16666666666666666 0.16666666666666666 0.16666666666666666 0.16666666666666666 0.16666666666666666 
0.16666666666666666 0.16666666666666666 0.16666666666666666 0.16666666666666666 0.16666666666666666 0.16666666666666666 
0.16666666666666666 0.16666666666666666 0.16666666666666666 0.16666666666666666 0.16666666666666666 0.16666666666666666 
0.16666666666666666 0.16666666666666666 0.16666666666666666 0.16666666666666666 0.16666666666666666 0.16666666666666666 
0.16666666666666666 0.16666666666666666 0.16666666666666666 0.16666666666666666 0.16666666666666666 0.16666666666666666 
0.19648161596393082 0.16070367680721379 0.16070367680721379 0.16070367680721379 0.16070367680721379 0.16070367680721379 
0.16070367680721379 0.16070367680721379 0.19648161596393082 0.16070367680721379 0.16070367680721379 0.16070367680721379 
0.16070367680721379 0.19648161596393082 0.16070367680721379 0.16070367680721379 0.16070367680721379 0.16070367680721379 
0.16666666666666666 0.16666666666666666 0.16666666666666666 0.16666666666666666 0.16666666666666666 0.16666666666666666 
0.16666666666666666 0.16666666666666666 0.16666666666666666 0.16666666666666666 0.16666666666666666 0.16666666666666666 
0.16666666666666666 0.16666666666666666 0.16666666666666666 0.16666666666666666 0.16666666666666666 0.16666666666666666 
0.16666666666666666 0.16666666666666666 0.16666666666666666 0.16666666666666666 0.16666666666666666 0.16666666666666666 
0.16666666666666666 0.16666666666666666 0.16666666666666666 0.16666666666666666 0.16666666666666666 0.16666666666666666 
0.16666666666666666 0.16666666666666666 0.16666666666666666 0.16666666666666666 0.16666666666666666 0.16666666666666666 
0.16666666666666666 0.16666666666666666 0.16666666666666666 0.16666666666666666 0.16666666666666666 0.16666666666666666 
0.16666666666666666 0.16666666666666666 0.16666666666666666 0.16666666666666666 0.16666666666666666 0.16666666666666666 
0.19648161596393082 0.16070367680721379 0.16070367680721379 0.16070367680721379 0.16070367680721379 0.16070367680721379 
