0.1315429484771112 0.2022404845966767 0.2516499206103764 0.2516499206103764 0.1629167257054594 
0.1328928032303776 0.1328928032303776 0.3006607951544335 0.3006607951544335 0.1328928032303776 
0.18364575867622646 0.18364575867622646 0.22453136198566015 0.22453136198566015 0.18364575867622646 
0.27044970444496497 0.27044970444496497 0.0604647156210971 0.0604647156210971 0.3381711598678756 
0.1539964745595897 0.23066901696027353 0.23066901696027353 0.23066901696027353 0.1539964745595897 
0.1232299252590187 0.4247751609148488 0.1506649712753773 0.1506649712753773 0.1506649712753773 
0.2 0.2 0.2 0.2 0.2 
0.2 0.2 0.2 0.2 0.2 
0.2548740857487024 0.16341727616753168 0.16341727616753168 0.16341727616753168 0.2548740857487024 
0.2 0.2 0.2 0.2 0.2 
0.1340948351878152 0.374058859234635 0.16394876852584983 0.16394876852584983 0.16394876852584983 
0.0714271583041401 0.05818037869591723 0.3994826523479012 0.3994826523479012 0.0714271583041401 
0.20763086935860398 0.16947652256558415 0.20763086935860398 0.20763086935860398 0.20763086935860398 
0.18364575867622646 0.18364575867622646 0.22453136198566015 0.22453136198566015 0.18364575867622646 
0.27044970444496497 0.27044970444496497 0.0604647156210971 0.0604647156210971 0.3381711598678756 
0.1539964745595897 0.23066901696027353 0.23066901696027353 0.23066901696027353 0.1539964745595897 
0.1232299252590187 0.4247751609148488 0.1506649712753773 0.1506649712753773 0.1506649712753773 
0.2 0.2 0.2 0.2 0.2 
0.2 0.2 0.2 0.2 0.2 
0.2548740857487024 0.16341727616753168 0.16341727616753168 0.16341727616753168 0.2548740857487024 
0.18364575867622646 0.18364575867622646 0.22453136198566015 0.22453136198566015 0.18364575867622646 
0.16497393840375685 0.30337560614524467 0.16497393840375685 0.16497393840375685 0.20170257864348454 
0.19147430099047413 0.23410279603810327 0.19147430099047413 0.19147430099047413 0.19147430099047413 
0.0744992880385818 0.0609334845328105 0.4018168714478987 0.4018168714478987 0.0609334845328105 
0.25627028668709545 0.20874276230449285 0.13935833216065807 0.13935833216065807 0.25627028668709545 
0.19147430099047413 0.23410279603810327 0.19147430099047413 0.19147430099047413 0.19147430099047413 
0.2 0.2 0.2 0.2 0.2 
0.13038411357022106 0.44943574140873904 0.13038411357022106 0.13038411357022106 0.1594119178805977 
0.2 0.2 0.2 0.2 0.2 
0.18364575867622646 0.18364575867622646 0.22453136198566015 0.22453136198566015 0.18364575867622646 
0.2 0.2 0.2 0.2 0.2 
0.29619076116561893 0.19525804121807178 0.10618021822534521 0.10618021822534521 0.29619076116561893 
0.2 0.2 0.2 0.2 0.2 
0.22504153004531396 0.1833056466364574 0.1833056466364574 0.1833056466364574 0.22504153004531396 
0.021388647410968693 0.005883135474209352 0.4844165882247773 0.4844165882247773 0.003895040665267452 
0.08661687931224786 3.6096651246535254E-15 4.49566301835423E-22 4.49566301835423E-22 0.9133831206877485 
8.531277091998359E-6 0.9999280735899679 6.919289359574683E-6 6.919289359574683E-6 4.95565542207867E-5 
0.21586713904286245 0.17619929143570645 0.21586713904286245 0.21586713904286245 0.17619929143570645 
4.7951127897461044E-14 3.147249971058251E-14 0.4999999999999445 0.4999999999999445 3.147249971058251E-14 
1.0484618482379538E-4 2.638081232300464E-5 0.49990164192834463 0.49990164192834463 6.548914616391917E-5 
0.037642023328515885 0.024706166888207544 0.4535949220080572 0.4535949220080572 0.030461965767162126 
0.31112160382271203 0.06045150029167202 0.1921416409342059 0.1921416409342059 0.2441436140172043 
0.3608820983271925 0.15772404955875885 0.0010667439977199923 0.0010667439977199923 0.47926036411860895 
0.10107108969013305 0.10107108969013305 0.3483933654648006 0.3483933654648006 0.10107108969013305 
0.4866852062870274 0.01803858110631488 0.06669753823069541 0.06669753823069541 0.36188113614526707 
0.21571185274517785 0.21571185274517785 0.17643222088223307 0.17643222088223307 0.21571185274517785 
0.1328928032303776 0.1328928032303776 0.3006607951544335 0.3006607951544335 0.1328928032303776 
0.2 0.2 0.2 0.2 0.2 
0.2 0.2 0.2 0.2 0.2 
0.2 0.2 0.2 0.2 0.2 
0.18364575867622646 0.18364575867622646 0.22453136198566015 0.22453136198566015 0.18364575867622646 
0.2 0.2 0.2 0.2 0.2 
0.43131078869727324 0.1428186072386924 0.04090156001846426 0.04090156001846426 0.34406748402710563 
0.39670125982345616 0.13135846100429083 0.037619509674398435 0.037619509674398435 0.39670125982345616 
0.1969690936505227 0.2987862902367926 0.13095704894400648 0.13095704894400648 0.2423305182246715 
0.4286118889325359 0.1095506304703823 0.016612795832273076 0.016612795832273076 0.4286118889325359 
0.29619076116561893 0.19525804121807178 0.10618021822534521 0.10618021822534521 0.29619076116561893 
0.2 0.2 0.2 0.2 0.2 
0.2536076202282849 0.3148217458353913 0.0889815068540194 0.0889815068540194 0.2536076202282849 
0.2828194971832333 0.18644329357524947 0.12395885602914182 0.12395885602914182 0.2828194971832333 
0.18188812442370433 0.27244750230518255 0.18188812442370433 0.18188812442370433 0.18188812442370433 
0.2 0.2 0.2 0.2 0.2 
0.2 0.2 0.2 0.2 0.2 
0.3769542154963586 0.15646952574484654 0.04481102163121806 0.04481102163121806 0.3769542154963586 
0.15420048366210765 0.3488679514922727 0.15420048366210765 0.15420048366210765 0.18853059752140414 
0.11975085740287263 0.36164641115205237 0.18497360309671115 0.18497360309671115 0.14865552525165276 
0.1645094568554498 0.20239551898113023 0.24954762908093978 0.24954762908093978 0.1339997660015401 
0.16678424679364126 0.16678424679364126 0.2498236298095381 0.2498236298095381 0.16678424679364126 
0.16678424679364126 0.16678424679364126 0.2498236298095381 0.2498236298095381 0.16678424679364126 
0.22609012312628782 0.09563950749484885 0.22609012312628782 0.22609012312628782 0.22609012312628782 
0.18188812442370433 0.27244750230518255 0.18188812442370433 0.18188812442370433 0.18188812442370433 
0.10361249734088131 0.06888789826872689 0.371551467023763 0.371551467023763 0.08439667034286574 
0.2412974146702102 0.19654673792398214 0.16042921636779894 0.16042921636779894 0.2412974146702102 
0.3346419868183172 0.08014856577659706 0.1616944399274131 0.1616944399274131 0.2618205675502595 
