0.1044316743422946 0.3043890711858093 0.19705975149063207 0.19705975149063207 0.19705975149063207 
0.14728603785505995 0.41085584857976054 0.14728603785505995 0.14728603785505995 0.14728603785505995 
0.21571185274517785 0.17643222088223307 0.21571185274517785 0.21571185274517785 0.17643222088223307 
0.09085407399551075 0.06040532143638106 0.17030289068554894 0.17030289068554894 0.5081348231970101 
0.19654673792398214 0.16042921636779897 0.2412974146702102 0.2412974146702102 0.16042921636779897 
0.15391594875418652 0.04465197734325967 0.3672742722986825 0.3672742722986825 0.06688352930518912 
0.2 0.2 0.2 0.2 0.2 
0.2 0.2 0.2 0.2 0.2 
0.0869476508433106 0.16298043253035932 0.13189260080756712 0.13189260080756712 0.4862867150111958 
0.23410279603810327 0.19147430099047413 0.19147430099047413 0.19147430099047413 0.19147430099047413 
0.1731621350672938 0.07589639464141601 0.32897923838247917 0.32897923838247917 0.09298299352633181 
0.06764627417201532 0.6957348347289714 0.06764627417201532 0.06764627417201532 0.10132634275498247 
0.18364575867622646 0.22453136198566015 0.18364575867622646 0.18364575867622646 0.22453136198566015 
0.21571185274517785 0.17643222088223307 0.21571185274517785 0.21571185274517785 0.17643222088223307 
0.09085407399551075 0.06040532143638106 0.17030289068554894 0.17030289068554894 0.5081348231970101 
0.19654673792398214 0.16042921636779897 0.2412974146702102 0.2412974146702102 0.16042921636779897 
0.15391594875418652 0.04465197734325967 0.3672742722986825 0.3672742722986825 0.06688352930518912 
0.2 0.2 0.2 0.2 0.2 
0.2 0.2 0.2 0.2 0.2 
0.0869476508433106 0.16298043253035932 0.13189260080756712 0.13189260080756712 0.4862867150111958 
0.2 0.2 0.2 0.2 0.2 
0.21416717670708965 0.11646289913390835 0.263489271114926 0.263489271114926 0.14239138192914974 
0.21571185274517785 0.17643222088223307 0.21571185274517785 0.21571185274517785 0.17643222088223307 
0.09438991265851776 0.6224403493659293 0.09438991265851776 0.09438991265851776 0.09438991265851776 
0.20170257864348456 0.16497393840375685 0.16497393840375685 0.16497393840375685 0.30337560614524467 
0.2520355018974585 0.16826091023203954 0.20572133881923121 0.20572133881923121 0.16826091023203954 
0.2 0.2 0.2 0.2 0.2 
0.1516072204122942 0.043982200842199635 0.3617651841985399 0.3617651841985399 0.08088021034842646 
0.2 0.2 0.2 0.2 0.2 
0.2 0.2 0.2 0.2 0.2 
0.2075590111955787 0.16976395521768495 0.2075590111955787 0.2075590111955787 0.2075590111955787 
0.26552384430727893 0.11736218543683415 0.17579506297430414 0.17579506297430414 0.26552384430727893 
0.2 0.2 0.2 0.2 0.2 
0.2328861443321571 0.15483689159782227 0.189695409868932 0.189695409868932 0.2328861443321571 
0.02189986662549338 0.9143374075957763 0.02712311534230563 0.02712311534230563 0.009516495094119217 
7.473839070803233E-16 1.1337213409501634E-15 7.473839070803233E-16 7.473839070803233E-16 0.9999999999999967 
4.768369302104864E-7 2.4686393587592856E-11 0.4999997609323848 0.4999997609323848 1.273613637884724E-9 
0.9999448701026865 3.566629297865619E-8 2.7529282363750224E-5 2.7529282363750224E-5 3.566629297865619E-8 
1.8210785331241305E-21 1.0 2.2357101755828936E-21 2.2357101755828936E-21 2.750587898883482E-21 
9.196940319894422E-4 0.9922461444710501 7.459175292263624E-4 7.459175292263624E-4 0.005342326438507788 
0.03068150570988606 0.8508173457302561 0.03068150570988606 0.03068150570988606 0.057138137140085615 
0.042390912762535746 0.49677433704531343 0.03438113525764834 0.03438113525764834 0.39207247967685416 
0.012587739671756628 0.002208902439659624 0.0319165157530852 0.0319165157530852 0.9213703263824133 
0.13428202594165645 0.46287189623337455 0.13428202594165645 0.13428202594165645 0.13428202594165645 
0.001543806838313214 0.20312145556344408 0.001543806838313214 0.001543806838313214 0.7922471239216163 
0.19147430099047413 0.19147430099047413 0.19147430099047413 0.19147430099047413 0.23410279603810327 
0.18188812442370433 0.27244750230518255 0.18188812442370433 0.18188812442370433 0.18188812442370433 
0.21571185274517785 0.17643222088223307 0.21571185274517785 0.21571185274517785 0.17643222088223307 
0.2 0.2 0.2 0.2 0.2 
0.23410279603810327 0.19147430099047413 0.19147430099047413 0.19147430099047413 0.19147430099047413 
0.2 0.2 0.2 0.2 0.2 
0.2 0.2 0.2 0.2 0.2 
0.09822004879030265 0.08033485931672686 0.08033485931672686 0.08033485931672686 0.6607753732595166 
0.0842757619355379 0.06892973035836907 0.06892973035836907 0.06892973035836907 0.7089350469893546 
0.18217661423541556 0.08052250688796359 0.27756213232060295 0.27756213232060295 0.18217661423541556 
0.049495815526000304 0.049495815526000304 0.049495815526000304 0.049495815526000304 0.802016737895999 
0.17641771690510538 0.1442932745717498 0.17641771690510538 0.17641771690510538 0.3264535747129339 
0.2 0.2 0.2 0.2 0.2 
0.14429970448018123 0.07798053501745388 0.21985332111285755 0.21985332111285755 0.33801311827665 
0.17641771690510538 0.1442932745717498 0.17641771690510538 0.17641771690510538 0.3264535747129339 
0.21416717670708965 0.11646289913390835 0.263489271114926 0.263489271114926 0.14239138192914974 
0.2 0.2 0.2 0.2 0.2 
0.21571185274517785 0.17643222088223307 0.21571185274517785 0.21571185274517785 0.17643222088223307 
0.10918390184628882 0.0728920432599081 0.10918390184628882 0.10918390184628882 0.5995562512012256 
0.23800094649035788 0.06904555997204803 0.29476559075119263 0.29476559075119263 0.1034223120352084 
0.10412662745003132 0.12956583635310992 0.31837084992187464 0.31837084992187464 0.12956583635310992 
0.16412388973677702 0.20235985344701582 0.2500572150343293 0.2500572150343293 0.13340182674754855 
0.19147430099047413 0.23410279603810327 0.19147430099047413 0.19147430099047413 0.19147430099047413 
0.22453136198566015 0.22453136198566015 0.18364575867622646 0.18364575867622646 0.18364575867622646 
0.07353368955091884 0.3896994656736218 0.07353368955091884 0.07353368955091884 0.3896994656736218 
0.1816635559009322 0.12128003809683939 0.2743877155435042 0.2743877155435042 0.1482809749152202 
0.09444257932225517 0.6353624476046481 0.0772452408322491 0.0772452408322491 0.11570449140859852 
0.2137276688970563 0.17480934314738605 0.17480934314738605 0.17480934314738605 0.26184430166078543 
0.016811784593310872 0.46620130315379765 0.025392804549546892 0.025392804549546892 0.46620130315379765 
