0.16590900388901927 0.2562719541313447 0.20595501904530847 0.20595501904530847 0.16590900388901927 
0.41085584857976054 0.14728603785505995 0.14728603785505995 0.14728603785505995 0.14728603785505995 
0.19147430099047413 0.19147430099047413 0.19147430099047413 0.19147430099047413 0.23410279603810327 
0.05468990583373971 0.2898348663219325 0.23347920427809668 0.23347920427809668 0.18851681928813407 
0.11967846735256901 0.22008038316185774 0.22008038316185774 0.22008038316185774 0.22008038316185774 
0.02173970621129045 0.35226428887180594 0.22359059819772978 0.22359059819772978 0.17881480852144416 
0.2 0.2 0.2 0.2 0.2 
0.2 0.2 0.2 0.2 0.2 
0.11644982293596363 0.27034263765549915 0.21828125689547892 0.21828125689547892 0.17664502561757894 
0.2 0.2 0.2 0.2 0.2 
0.03608340268383003 0.29679548927667976 0.23794667396387226 0.23794667396387226 0.1912277601117459 
0.5698741772005067 0.10753145569987334 0.10753145569987334 0.10753145569987334 0.10753145569987334 
0.2 0.2 0.2 0.2 0.2 
0.19147430099047413 0.19147430099047413 0.19147430099047413 0.19147430099047413 0.23410279603810327 
0.05468990583373971 0.2898348663219325 0.23347920427809668 0.23347920427809668 0.18851681928813407 
0.11967846735256901 0.22008038316185774 0.22008038316185774 0.22008038316185774 0.22008038316185774 
0.02173970621129045 0.35226428887180594 0.22359059819772978 0.22359059819772978 0.17881480852144416 
0.2 0.2 0.2 0.2 0.2 
0.2 0.2 0.2 0.2 0.2 
0.11644982293596363 0.27034263765549915 0.21828125689547892 0.21828125689547892 0.17664502561757894 
0.2 0.2 0.2 0.2 0.2 
0.08137713769038649 0.28050805585223626 0.22700232450870506 0.22700232450870506 0.18411015743996714 
0.14889176582436528 0.22302275006234462 0.22302275006234462 0.22302275006234462 0.1820399839886009 
0.5698741772005067 0.10753145569987334 0.10753145569987334 0.10753145569987334 0.10753145569987334 
0.2 0.2 0.2 0.2 0.2 
0.16976395521768495 0.2075590111955787 0.2075590111955787 0.2075590111955787 0.2075590111955787 
0.2 0.2 0.2 0.2 0.2 
0.019525700975227853 0.3163891499688248 0.251740558318595 0.251740558318595 0.1606040324187571 
0.2 0.2 0.2 0.2 0.2 
0.2 0.2 0.2 0.2 0.2 
0.16976395521768495 0.2075590111955787 0.2075590111955787 0.2075590111955787 0.2075590111955787 
0.19829319090211614 0.16218537651713266 0.19829319090211614 0.19829319090211614 0.24293505077651895 
0.2 0.2 0.2 0.2 0.2 
0.19829319090211614 0.16218537651713266 0.19829319090211614 0.19829319090211614 0.24293505077651895 
0.7560806765835469 0.06097983085411323 0.06097983085411323 0.06097983085411323 0.06097983085411323 
0.13425705462942872 0.4881031240046238 0.13425705462942872 0.13425705462942872 0.10912571210708946 
8.271805943631575E-25 0.999999978009747 1.0995116035974792E-8 1.0995116035974792E-8 2.065689491265414E-14 
0.15752612709886527 8.456041371825634E-4 0.021816676144475026 0.021816676144475026 0.797994916475002 
0.999999999998429 4.787233539888211E-13 3.8826841206945856E-13 3.8826841206945856E-13 3.155891291725172E-13 
0.9055213331144055 0.023619666721398584 0.023619666721398584 0.023619666721398584 0.023619666721398584 
0.7632804045567185 0.06874141262483226 0.055992727606149664 0.055992727606149664 0.055992727606149664 
0.7134075385689393 0.07904639319099142 0.06424983752453878 0.06424983752453878 0.07904639319099142 
0.007299049613856497 0.4427506171321724 0.21009898453197975 0.21009898453197975 0.12975236419001135 
0.41085584857976054 0.14728603785505995 0.14728603785505995 0.14728603785505995 0.14728603785505995 
0.8643622654885743 0.0455512963375249 0.03002881272463358 0.03002881272463358 0.03002881272463358 
0.2 0.2 0.2 0.2 0.2 
0.2 0.2 0.2 0.2 0.2 
0.19147430099047413 0.19147430099047413 0.19147430099047413 0.19147430099047413 0.23410279603810327 
0.2 0.2 0.2 0.2 0.2 
0.2 0.2 0.2 0.2 0.2 
0.2 0.2 0.2 0.2 0.2 
0.2 0.2 0.2 0.2 0.2 
0.19147430099047413 0.23410279603810327 0.19147430099047413 0.19147430099047413 0.19147430099047413 
0.19147430099047413 0.23410279603810327 0.19147430099047413 0.19147430099047413 0.19147430099047413 
0.0579560578429288 0.24742288475315652 0.24742288475315652 0.24742288475315652 0.19977528789760113 
0.19147430099047413 0.23410279603810327 0.19147430099047413 0.19147430099047413 0.19147430099047413 
0.16976395521768495 0.2075590111955787 0.2075590111955787 0.2075590111955787 0.2075590111955787 
0.2 0.2 0.2 0.2 0.2 
0.05107341533333826 0.3367961002189308 0.21803987756065876 0.21803987756065876 0.1760507293264133 
0.22453136198566015 0.18364575867622646 0.18364575867622646 0.18364575867622646 0.22453136198566015 
0.08597742256368847 0.23983486432615245 0.23983486432615245 0.23983486432615245 0.1945179844578541 
0.2 0.2 0.2 0.2 0.2 
0.19147430099047413 0.19147430099047413 0.19147430099047413 0.19147430099047413 0.23410279603810327 
0.18347744683615302 0.22478382974577063 0.18347744683615302 0.18347744683615302 0.22478382974577063 
0.057157509217864284 0.24775398013532968 0.24775398013532968 0.24775398013532968 0.1995805503761465 
0.03757708046955611 0.36561176158165243 0.2270928661527094 0.2270928661527094 0.14262542564337244 
0.12218206603319923 0.23055426163327344 0.23055426163327344 0.23055426163327344 0.18615514906698 
0.2 0.2 0.2 0.2 0.2 
0.2 0.2 0.2 0.2 0.2 
0.44943574140873904 0.1594119178805977 0.13038411357022106 0.13038411357022106 0.13038411357022106 
0.08597742256368847 0.23983486432615245 0.23983486432615245 0.23983486432615245 0.1945179844578541 
0.5698741772005067 0.10753145569987334 0.10753145569987334 0.10753145569987334 0.10753145569987334 
0.2 0.2 0.2 0.2 0.2 
0.6439790242346418 0.10871354921808768 0.0879768971451473 0.0879768971451473 0.07135363225697594 
