0.3318486407696551 0.09627136179826941 0.1770363429676903 0.1770363429676903 0.2178073114966949 
0.17126424110108873 0.17126424110108873 0.17126424110108873 0.17126424110108873 0.3149430355956448 
0.14889176582436528 0.22302275006234462 0.22302275006234462 0.22302275006234462 0.1820399839886009 
0.5689631331092355 0.08628036484910592 0.12923806859627637 0.12923806859627637 0.08628036484910592 
0.18364575867622646 0.18364575867622646 0.22453136198566015 0.22453136198566015 0.18364575867622646 
0.1328928032303776 0.1328928032303776 0.3006607951544335 0.3006607951544335 0.1328928032303776 
0.2 0.2 0.2 0.2 0.2 
0.2 0.2 0.2 0.2 0.2 
0.5995562512012256 0.0728920432599081 0.10918390184628882 0.10918390184628882 0.10918390184628882 
0.2 0.2 0.2 0.2 0.2 
0.14974854996483358 0.14974854996483358 0.27537717505274945 0.27537717505274945 0.14974854996483358 
0.22157027023535322 0.14792207871305224 0.14792207871305224 0.14792207871305224 0.3346634936254901 
0.27244750230518255 0.18188812442370433 0.18188812442370433 0.18188812442370433 0.18188812442370433 
0.14889176582436528 0.22302275006234462 0.22302275006234462 0.22302275006234462 0.1820399839886009 
0.5689631331092355 0.08628036484910592 0.12923806859627637 0.12923806859627637 0.08628036484910592 
0.18364575867622646 0.18364575867622646 0.22453136198566015 0.22453136198566015 0.18364575867622646 
0.1328928032303776 0.1328928032303776 0.3006607951544335 0.3006607951544335 0.1328928032303776 
0.2 0.2 0.2 0.2 0.2 
0.2 0.2 0.2 0.2 0.2 
0.5995562512012256 0.0728920432599081 0.10918390184628882 0.10918390184628882 0.10918390184628882 
0.2 0.2 0.2 0.2 0.2 
0.16678424679364126 0.16678424679364126 0.2498236298095381 0.2498236298095381 0.16678424679364126 
0.16976395521768495 0.2075590111955787 0.2075590111955787 0.2075590111955787 0.2075590111955787 
0.21450608426018808 0.17508834472387344 0.14320597184207143 0.14320597184207143 0.32399362733179565 
0.27326558595583417 0.18168360351104154 0.18168360351104154 0.18168360351104154 0.18168360351104154 
0.17619929143570645 0.21586713904286245 0.21586713904286245 0.21586713904286245 0.17619929143570645 
0.2 0.2 0.2 0.2 0.2 
0.1328928032303776 0.1328928032303776 0.3006607951544335 0.3006607951544335 0.1328928032303776 
0.2 0.2 0.2 0.2 0.2 
0.2 0.2 0.2 0.2 0.2 
0.23410279603810327 0.19147430099047413 0.19147430099047413 0.19147430099047413 0.19147430099047413 
0.18104173794093723 0.2758330482362516 0.18104173794093723 0.18104173794093723 0.18104173794093723 
0.2 0.2 0.2 0.2 0.2 
0.15785168813830205 0.2958876537652559 0.19420448497907003 0.19420448497907003 0.15785168813830205 
0.8891104060873328 0.016451788764792565 0.016451788764792565 0.016451788764792565 0.0615342276182896 
0.9999999999995532 1.0566522997494836E-13 1.0566522997494836E-13 1.0566522997494836E-13 1.2972358169256154E-13 
0.0011105638541970394 3.98121507665412E-4 0.4989474871919065 0.4989474871919065 5.96340254324372E-4 
1.4284945008957266E-26 0.9999999999999996 2.735111227791347E-16 2.735111227791347E-16 3.268995168942898E-19 
9.833733257250998E-5 5.17610246433876E-5 2.2686686970288993E-5 2.2686686970288993E-5 0.9998045282688436 
0.6221225780439285 0.05162745758320026 0.041779737285101655 0.041779737285101655 0.24269048980266764 
0.3167979519555097 0.10992696228635336 0.08954006356348572 0.08954006356348572 0.3941949586311657 
0.6735374318619183 0.06922526279472838 0.04523259233469903 0.04523259233469903 0.16677212067395533 
0.9504490988249492 0.006428226222610241 0.018954532139609993 0.018954532139609993 0.0052136106732207045 
0.2137276688970563 0.17480934314738605 0.17480934314738605 0.17480934314738605 0.26184430166078543 
0.9872190237143952 0.001782172160069589 0.0014485704799782962 0.0014485704799782962 0.008101663165578562 
0.23410279603810327 0.19147430099047413 0.19147430099047413 0.19147430099047413 0.19147430099047413 
0.2 0.2 0.2 0.2 0.2 
0.19138277710975451 0.2344688915609822 0.19138277710975451 0.19138277710975451 0.19138277710975451 
0.2 0.2 0.2 0.2 0.2 
0.16976395521768495 0.2075590111955787 0.2075590111955787 0.2075590111955787 0.2075590111955787 
0.2 0.2 0.2 0.2 0.2 
0.2 0.2 0.2 0.2 0.2 
0.7582638305983647 0.07009448980966423 0.05721389319732368 0.05721389319732368 0.05721389319732368 
0.6271265421677795 0.0932183644580552 0.0932183644580552 0.0932183644580552 0.0932183644580552 
0.2024292869081743 0.16488703808309613 0.24904817852970004 0.24904817852970004 0.1345873179493294 
0.8020167378959988 0.049495815526000304 0.049495815526000304 0.049495815526000304 0.049495815526000304 
0.36321544942029715 0.1591961376449256 0.1591961376449256 0.1591961376449256 0.1591961376449256 
0.2 0.2 0.2 0.2 0.2 
0.4291890138569968 0.10053275119422157 0.18487274187727992 0.18487274187727992 0.10053275119422157 
0.32795392431622783 0.17610164953083024 0.17610164953083024 0.17610164953083024 0.14374112709128128 
0.14038778277038017 0.17164273380881 0.258163374806 0.258163374806 0.17164273380881 
0.2 0.2 0.2 0.2 0.2 
0.19138277710975451 0.2344688915609822 0.19138277710975451 0.19138277710975451 0.19138277710975451 
0.5899819224245632 0.10744034138586363 0.10744034138586363 0.10744034138586363 0.08769705341784631 
0.12059346289443722 0.1813814932302838 0.275141152733545 0.275141152733545 0.14774273840818877 
0.2444455165278045 0.10622277288704174 0.2444455165278045 0.2444455165278045 0.160440677529545 
0.22346965006918665 0.14795229147592406 0.22346965006918665 0.22346965006918665 0.18163875831651588 
0.2 0.2 0.2 0.2 0.2 
0.1621853765171327 0.24293505077651895 0.19829319090211614 0.19829319090211614 0.19829319090211614 
0.5767680613748737 0.08746394251731149 0.08746394251731149 0.08746394251731149 0.16084011107319177 
0.16678424679364126 0.16678424679364126 0.2498236298095381 0.2498236298095381 0.16678424679364126 
0.21453781727294155 0.17474993755717916 0.14263780634946513 0.14263780634946513 0.3254366324709489 
0.22478382974577063 0.22478382974577063 0.18347744683615302 0.18347744683615302 0.18347744683615302 
0.8766665559921711 0.0158427629686789 0.019409453288470414 0.019409453288470414 0.06867177446220907 
