0.2814480899862012 0.2261880233045913 0.11905675639183377 0.2261880233045913 0.14711910701278264 
0.2849304520980371 0.2315948206372889 0.12593995331369232 0.2315948206372889 0.12593995331369232 
0.119982004385865 0.119982004385865 0.52007198245654 0.119982004385865 0.119982004385865 
0.14746965352193114 0.22369961643069197 0.22369961643069197 0.22369961643069197 0.18143149718599266 
0.20874276230449285 0.25627028668709545 0.13935833216065807 0.25627028668709545 0.13935833216065807 
0.21571185274517785 0.21571185274517785 0.1764322208822331 0.21571185274517785 0.1764322208822331 
0.17643222088223307 0.21571185274517785 0.17643222088223307 0.21571185274517785 0.21571185274517785 
0.17643222088223307 0.21571185274517785 0.17643222088223307 0.21571185274517785 0.21571185274517785 
0.15396790972975047 0.37833194043345186 0.04293617722799763 0.3010264224416645 0.1237375501671354 
0.1682609102320395 0.20572133881923121 0.1682609102320395 0.20572133881923121 0.2520355018974585 
0.22302275006234462 0.22302275006234462 0.14889176582436528 0.22302275006234462 0.1820399839886009 
0.26858359730991005 0.3366868668640658 0.026114373975266156 0.3366868668640658 0.0319282949866919 
0.16762249837935542 0.2057875695456388 0.2531798641500116 0.2057875695456388 0.16762249837935542 
0.119982004385865 0.119982004385865 0.52007198245654 0.119982004385865 0.119982004385865 
0.14746965352193114 0.22369961643069197 0.22369961643069197 0.22369961643069197 0.18143149718599266 
0.20874276230449285 0.25627028668709545 0.13935833216065807 0.25627028668709545 0.13935833216065807 
0.21571185274517785 0.21571185274517785 0.1764322208822331 0.21571185274517785 0.1764322208822331 
0.17643222088223307 0.21571185274517785 0.17643222088223307 0.21571185274517785 0.21571185274517785 
0.17643222088223307 0.21571185274517785 0.17643222088223307 0.21571185274517785 0.21571185274517785 
0.15396790972975047 0.37833194043345186 0.04293617722799763 0.3010264224416645 0.1237375501671354 
0.21571185274517785 0.21571185274517785 0.1764322208822331 0.21571185274517785 0.1764322208822331 
0.2 0.2 0.2 0.2 0.2 
0.21571185274517785 0.21571185274517785 0.1764322208822331 0.21571185274517785 0.1764322208822331 
0.28404131203815813 0.228812152100133 0.05359670078824894 0.28404131203815813 0.14950852303530163 
0.17643222088223307 0.21571185274517785 0.17643222088223307 0.21571185274517785 0.21571185274517785 
0.15968239858692226 0.15968239858692226 0.15968239858692226 0.15968239858692226 0.3612704056523108 
0.2 0.2 0.2 0.2 0.2 
0.16826091023203954 0.20572133881923121 0.2520355018974585 0.20572133881923121 0.16826091023203954 
0.18364575867622646 0.22453136198566015 0.18364575867622646 0.22453136198566015 0.18364575867622646 
0.21571185274517785 0.21571185274517785 0.1764322208822331 0.21571185274517785 0.1764322208822331 
0.19661526726734233 0.24087937523083602 0.16081299113549283 0.24087937523083602 0.16081299113549283 
0.1372232489402939 0.1372232489402939 0.382785600110427 0.1372232489402939 0.20554465306869155 
0.09438991265851776 0.09438991265851776 0.6224403493659293 0.09438991265851776 0.09438991265851776 
1.8210785331241305E-21 2.750587898883482E-21 1.0 2.750587898883482E-21 2.2357101755828936E-21 
7.938961814001641E-8 1.031113257574304E-7 7.836886033053372E-10 1.031113257574304E-7 0.9999997136040418 
5.660150476580909E-4 8.742972287876265E-4 2.438104201782203E-4 8.742972287876265E-4 0.9974415800745885 
0.18765333213136895 0.18765333213136895 0.08294322952764593 0.18765333213136895 0.3540967740782469 
0.1515059553907434 0.18600153698336117 0.2821493879248124 0.1515059553907434 0.22883716431033943 
0.9994692021459264 1.283146138207019E-4 1.715244899502105E-13 4.024832356559236E-4 4.4253499758860505E-12 
0.0017624298779105288 0.8134616778292334 2.3012842629048153E-8 0.18477509350250387 7.75777509526485E-7 
0.2724467421444227 0.2724467421444227 0.012483771949071775 0.2724467421444227 0.17017600161766036 
0.306809826183476 0.24214553846811854 0.017259185659634208 0.24214553846811854 0.19163991122065296 
0.08774755129699896 0.10867586527047003 0.03813033000241179 0.10867586527047003 0.6567703881596489 
0.26848145506516935 0.26848145506516935 0.07788814574246183 0.26848145506516935 0.11666748906203028 
0.19284905199256516 0.4463894382025269 5.335230619229918E-4 0.3361303566713404 0.024097630071644737 
0.2075590111955787 0.2075590111955787 0.16976395521768498 0.2075590111955787 0.2075590111955787 
0.20279116955441542 0.3089702247104893 0.08963419051230322 0.3089702247104893 0.08963419051230322 
0.18188812442370433 0.18188812442370433 0.18188812442370433 0.18188812442370433 0.27244750230518255 
0.2 0.2 0.2 0.2 0.2 
0.2 0.2 0.2 0.2 0.2 
0.2075590111955787 0.2075590111955787 0.16976395521768498 0.2075590111955787 0.2075590111955787 
0.18364575867622646 0.22453136198566015 0.18364575867622646 0.22453136198566015 0.18364575867622646 
0.04873623450870828 0.04873623450870828 0.03986170431703805 0.04873623450870828 0.8139295921568368 
0.17641771690510538 0.17641771690510538 0.1442932745717498 0.17641771690510538 0.3264535747129339 
0.18981930412587236 0.232553433006913 0.15525452573442944 0.232553433006913 0.18981930412587236 
0.12586693838450025 0.12586693838450025 0.18853420526661 0.12586693838450025 0.43386497957988945 
0.1490824656421867 0.18227313987597063 0.1490824656421867 0.18227313987597063 0.33728878896368514 
0.18188812442370433 0.18188812442370433 0.27244750230518255 0.18188812442370433 0.18188812442370433 
0.07488667872610613 0.0921328688043828 0.5250320461868783 0.0921328688043828 0.21581553747825008 
0.17641771690510538 0.17641771690510538 0.1442932745717498 0.17641771690510538 0.3264535747129339 
0.18364575867622646 0.22453136198566015 0.18364575867622646 0.22453136198566015 0.18364575867622646 
0.2 0.2 0.2 0.2 0.2 
0.15912933433150755 0.19455677292453688 0.15912933433150755 0.19455677292453688 0.292627785487911 
0.14109339528164463 0.17285783233927488 0.11540126685000557 0.17285783233927488 0.39778967318979996 
0.18188812442370433 0.18188812442370433 0.18188812442370433 0.18188812442370433 0.27244750230518255 
0.27609432298877135 0.27609432298877135 0.07699289289759932 0.27609432298877135 0.09472413813608642 
0.1901748268061776 0.1901748268061776 0.06817499820649743 0.1901748268061776 0.3613005213749696 
0.20874276230449285 0.25627028668709545 0.13935833216065807 0.25627028668709545 0.13935833216065807 
0.21986802090433133 0.270503003589559 0.11956298595827518 0.270503003589559 0.11956298595827518 
0.22031947905244972 0.2754881685877922 0.11435209188598285 0.2754881685877922 0.11435209188598285 
0.2 0.2 0.2 0.2 0.2 
0.31427012770184054 0.25256571814733536 0.047657466189613404 0.25256571814733536 0.1329409698138756 
0.19829319090211614 0.19829319090211614 0.16218537651713272 0.19829319090211614 0.24293505077651895 
0.21672944565789923 0.1353737989471801 0.028303795018261017 0.17105080685826884 0.4485421535183908 
