0.2229628540809512 0.27551645940574976 0.18083394633491592 0.09772388609743166 0.2229628540809512 
0.30337560614524467 0.16497393840375685 0.16497393840375685 0.20170257864348454 0.16497393840375685 
0.19829319090211614 0.16218537651713266 0.19829319090211614 0.24293505077651895 0.19829319090211614 
0.07876674032688946 0.5194156450261348 0.14484656074750626 0.07876674032688946 0.17820431357257957 
0.17480934314738605 0.17480934314738605 0.2137276688970563 0.17480934314738605 0.26184430166078543 
0.09941686017996719 0.09941686017996719 0.2773243074986592 0.09941686017996719 0.42442511196143934 
0.2 0.2 0.2 0.2 0.2 
0.2 0.2 0.2 0.2 0.2 
0.09054441998955089 0.6217031560034582 0.09054441998955089 0.06044817658296546 0.13675982743447448 
0.2 0.2 0.2 0.2 0.2 
0.11481789148579519 0.11481789148579519 0.2597675548481735 0.11481789148579519 0.39577877069444134 
0.3714380123003122 0.19945133085666555 0.13315529845707294 0.16280005992887628 0.13315529845707294 
0.18188812442370433 0.27244750230518255 0.18188812442370433 0.18188812442370433 0.18188812442370433 
0.19829319090211614 0.16218537651713266 0.19829319090211614 0.24293505077651895 0.19829319090211614 
0.07876674032688946 0.5194156450261348 0.14484656074750626 0.07876674032688946 0.17820431357257957 
0.17480934314738605 0.17480934314738605 0.2137276688970563 0.17480934314738605 0.26184430166078543 
0.09941686017996719 0.09941686017996719 0.2773243074986592 0.09941686017996719 0.42442511196143934 
0.2 0.2 0.2 0.2 0.2 
0.2 0.2 0.2 0.2 0.2 
0.09054441998955089 0.6217031560034582 0.09054441998955089 0.06044817658296546 0.13675982743447448 
0.2 0.2 0.2 0.2 0.2 
0.1578079704226164 0.1578079704226164 0.236378199630766 0.1578079704226164 0.2901978891013846 
0.2075590111955787 0.16976395521768495 0.2075590111955787 0.2075590111955787 0.2075590111955787 
0.3855696292432333 0.16899390118640314 0.13822128419198018 0.16899390118640314 0.13822128419198018 
0.18168360351104154 0.27326558595583417 0.18168360351104154 0.18168360351104154 0.18168360351104154 
0.17619929143570645 0.17619929143570645 0.21586713904286245 0.21586713904286245 0.21586713904286245 
0.2 0.2 0.2 0.2 0.2 
0.09017852816566173 0.09017852816566173 0.2515538896472796 0.09017852816566173 0.47791052585573524 
0.2 0.2 0.2 0.2 0.2 
0.2 0.2 0.2 0.2 0.2 
0.17643222088223307 0.21571185274517785 0.21571185274517785 0.17643222088223307 0.21571185274517785 
0.16729362754217406 0.20582087629397297 0.20582087629397297 0.25377099232770545 0.16729362754217406 
0.2 0.2 0.2 0.2 0.2 
0.17399726339097027 0.17399726339097027 0.21406834049823315 0.26393986932885555 0.17399726339097027 
0.20575836547978463 0.6817515728633484 0.03473517203328893 0.04301971759028907 0.03473517203328893 
2.3443120330719585E-15 0.9999999999999907 2.3443120330719585E-15 1.9095392439491276E-15 2.3443120330719585E-15 
3.3007562809611216E-7 5.006982089860215E-7 0.0025480875959977833 2.194543792768862E-7 0.9974508621757858 
8.624813731132163E-14 5.742531776538541E-19 9.726419317204515E-11 0.9999999999025635 8.624813731132163E-14 
0.9999963112244861 7.6823848699212E-7 2.6954638876496525E-7 2.320072672172106E-6 3.3091796602512414E-7 
0.3865029650410053 0.49110765503344556 0.03298119941332668 0.06265879003929084 0.026749390472931803 
0.43790838508927543 0.282147952513892 0.07974655595611044 0.12045055048461192 0.07974655595611044 
0.19741291640233183 0.6360147094424613 0.0427126878331845 0.08114699848883795 0.0427126878331845 
0.005047812781886652 0.9202238928626135 0.022947097815819904 0.0062238023751984345 0.045557394164481714 
0.292627785487911 0.19455677292453688 0.15912933433150755 0.19455677292453688 0.15912933433150755 
0.012699589073698538 0.982231642120707 0.001441252373686319 0.0021862640582220243 0.001441252373686319 
0.19147430099047413 0.23410279603810327 0.19147430099047413 0.19147430099047413 0.19147430099047413 
0.2 0.2 0.2 0.2 0.2 
0.19138277710975451 0.19138277710975451 0.19138277710975451 0.2344688915609822 0.19138277710975451 
0.2 0.2 0.2 0.2 0.2 
0.17643222088223307 0.17643222088223307 0.21571185274517785 0.21571185274517785 0.21571185274517785 
0.2 0.2 0.2 0.2 0.2 
0.2 0.2 0.2 0.2 0.2 
0.05796045848250309 0.7681581660699873 0.05796045848250309 0.05796045848250309 0.05796045848250309 
0.0805666278886043 0.6777334884455827 0.0805666278886043 0.0805666278886043 0.0805666278886043 
0.1272066860170104 0.19132827024660806 0.23539062916212736 0.15584480024788064 0.29022961432637334 
0.049495815526000304 0.8020167378959988 0.049495815526000304 0.049495815526000304 0.049495815526000304 
0.1340948351878152 0.374058859234635 0.16394876852584983 0.16394876852584983 0.16394876852584983 
0.2 0.2 0.2 0.2 0.2 
0.09176343751573872 0.3917515315921418 0.16874658353718805 0.09176343751573872 0.25597500983919264 
0.14854822526843564 0.33892160450402836 0.1819909724795501 0.1819909724795501 0.14854822526843564 
0.17164273380881 0.14038778277038017 0.258163374806 0.17164273380881 0.258163374806 
0.2 0.2 0.2 0.2 0.2 
0.19138277710975451 0.19138277710975451 0.19138277710975451 0.2344688915609822 0.19138277710975451 
0.08769705341784631 0.5899819224245632 0.10744034138586363 0.10744034138586363 0.10744034138586363 
0.13874481455670348 0.11324900178723109 0.2583843282196633 0.1703348801666645 0.3192869752697375 
0.13789781935743614 0.17040111504555966 0.21104279660123593 0.07404708910308164 0.4066111798926866 
0.17265028195915083 0.21241115305647673 0.21241115305647673 0.14063080521233717 0.26189660671555826 
0.2 0.2 0.2 0.2 0.2 
0.19829319090211614 0.16218537651713266 0.19829319090211614 0.24293505077651895 0.19829319090211614 
0.1872963815366534 0.5459164757383919 0.0827854564960071 0.10121622973294044 0.0827854564960071 
0.1578079704226164 0.1578079704226164 0.236378199630766 0.1578079704226164 0.2901978891013846 
0.37349417415656166 0.19925361923754986 0.13247594068265128 0.1623003252405858 0.13247594068265128 
0.1745442993828464 0.26252754417217034 0.1745442993828464 0.2138395576792909 0.1745442993828464 
0.10190511548014906 0.8381964105142741 0.018557721821642816 0.018557721821642816 0.022783030362291037 
