0.3621057251922679 0.19189767004530642 0.12704946735855957 0.12704946735855957 0.19189767004530642 
0.17126424110108873 0.17126424110108873 0.17126424110108873 0.17126424110108873 0.3149430355956448 
0.1552545257344294 0.18981930412587236 0.232553433006913 0.232553433006913 0.18981930412587236 
0.567907173399177 0.15620785988408353 0.1034203562284405 0.1034203562284405 0.0690442542598584 
0.19829319090211614 0.24293505077651895 0.19829319090211614 0.19829319090211614 0.1621853765171327 
0.18456107682249967 0.34595350003195696 0.18456107682249967 0.18456107682249967 0.10036326950054407 
0.2 0.2 0.2 0.2 0.2 
0.2 0.2 0.2 0.2 0.2 
0.5872107402448521 0.1312833027176929 0.0872851348447382 0.0872851348447382 0.10693568734797887 
0.16976395521768495 0.2075590111955787 0.2075590111955787 0.2075590111955787 0.2075590111955787 
0.21322885305715092 0.3234510389199997 0.17368373199080592 0.17368373199080592 0.1159526440412374 
0.22157027023535322 0.14792207871305224 0.14792207871305224 0.14792207871305224 0.3346634936254901 
0.23410279603810327 0.19147430099047413 0.19147430099047413 0.19147430099047413 0.19147430099047413 
0.1552545257344294 0.18981930412587236 0.232553433006913 0.232553433006913 0.18981930412587236 
0.567907173399177 0.15620785988408353 0.1034203562284405 0.1034203562284405 0.0690442542598584 
0.19829319090211614 0.24293505077651895 0.19829319090211614 0.19829319090211614 0.1621853765171327 
0.18456107682249967 0.34595350003195696 0.18456107682249967 0.18456107682249967 0.10036326950054407 
0.2 0.2 0.2 0.2 0.2 
0.2 0.2 0.2 0.2 0.2 
0.5872107402448521 0.1312833027176929 0.0872851348447382 0.0872851348447382 0.10693568734797887 
0.2 0.2 0.2 0.2 0.2 
0.18789995867687906 0.28261544419331086 0.18789995867687906 0.18789995867687906 0.1536846797760521 
0.16976395521768495 0.2075590111955787 0.2075590111955787 0.2075590111955787 0.2075590111955787 
0.15968239858692226 0.15968239858692226 0.15968239858692226 0.15968239858692226 0.3612704056523108 
0.27326558595583417 0.18168360351104154 0.18168360351104154 0.18168360351104154 0.18168360351104154 
0.14889176582436528 0.22302275006234462 0.22302275006234462 0.22302275006234462 0.1820399839886009 
0.2 0.2 0.2 0.2 0.2 
0.18456107682249967 0.34595350003195696 0.18456107682249967 0.18456107682249967 0.10036326950054407 
0.2 0.2 0.2 0.2 0.2 
0.2 0.2 0.2 0.2 0.2 
0.22453136198566015 0.22453136198566015 0.18364575867622646 0.18364575867622646 0.18364575867622646 
0.18943871539799786 0.1539780146042872 0.2335722772998583 0.2335722772998583 0.18943871539799786 
0.2 0.2 0.2 0.2 0.2 
0.1392764003581501 0.17098749989935144 0.25937429992157346 0.25937429992157346 0.17098749989935144 
0.07740341811678418 0.14509009089544944 0.11741476656127106 0.11741476656127106 0.5426769578652242 
0.9999999999995293 1.2972358169255841E-13 1.0566522997494581E-13 1.0566522997494581E-13 1.2972358169255841E-13 
0.002635408824807617 0.9959295091379824 7.127554793725777E-4 7.127554793725777E-4 9.571078464609632E-6 
1.7007936261616304E-14 1.1997899950722148E-7 0.499999553956203 0.499999553956203 7.721085775891497E-7 
5.909424279488531E-5 3.912445664022388E-5 3.193492797644226E-5 3.193492797644226E-5 0.999837911444612 
0.34412830048625886 0.07445634734090925 0.07445634734090925 0.07445634734090925 0.43250265749101313 
0.22169283511714716 0.11904255768457118 0.11904255768457118 0.11904255768457118 0.4211794918291394 
0.5637083365889051 0.0609481974851935 0.07531403222971911 0.07531403222971911 0.2247154014664629 
0.9617889006842455 0.017381059509224358 0.008890001680972957 0.008890001680972957 0.0030500364445840995 
0.18188812442370433 0.18188812442370433 0.18188812442370433 0.18188812442370433 0.27244750230518255 
0.9783309844723805 0.00252174432105523 0.00252174432105523 0.00252174432105523 0.014103782564453647 
0.23410279603810327 0.19147430099047413 0.19147430099047413 0.19147430099047413 0.19147430099047413 
0.2 0.2 0.2 0.2 0.2 
0.1552545257344294 0.18981930412587236 0.232553433006913 0.232553433006913 0.18981930412587236 
0.2 0.2 0.2 0.2 0.2 
0.16976395521768495 0.2075590111955787 0.2075590111955787 0.2075590111955787 0.2075590111955787 
0.2 0.2 0.2 0.2 0.2 
0.2 0.2 0.2 0.2 0.2 
0.5741766496469803 0.10645583758825498 0.10645583758825498 0.10645583758825498 0.10645583758825498 
0.6271265421677795 0.0932183644580552 0.0932183644580552 0.0932183644580552 0.0932183644580552 
0.2661869550168918 0.2661869550168918 0.17547861124992578 0.17547861124992578 0.11666886746636469 
0.8020167378959988 0.049495815526000304 0.049495815526000304 0.049495815526000304 0.049495815526000304 
0.3162928435014195 0.1709267891246451 0.1709267891246451 0.1709267891246451 0.1709267891246451 
0.2 0.2 0.2 0.2 0.2 
0.45853033400133647 0.19574918283922213 0.1295994339573002 0.1295994339573002 0.0865216152448414 
0.28355816871840117 0.1532367497555575 0.18773502717534724 0.18773502717534724 0.18773502717534724 
0.16794486262638186 0.2526015028707924 0.20575438593822215 0.20575438593822215 0.16794486262638186 
0.2 0.2 0.2 0.2 0.2 
0.16976395521768495 0.2075590111955787 0.2075590111955787 0.2075590111955787 0.2075590111955787 
0.535662818945789 0.1216740138523167 0.1216740138523167 0.1216740138523167 0.09931513949726099 
0.12459737330678922 0.28673012809008797 0.23203756264816666 0.23203756264816666 0.12459737330678922 
0.3629689442683389 0.29099921043717664 0.12309702335849387 0.12309702335849387 0.09983779857749647 
0.18126056965408557 0.27495772138365754 0.18126056965408557 0.18126056965408557 0.18126056965408557 
0.2 0.2 0.2 0.2 0.2 
0.16976395521768495 0.2075590111955787 0.2075590111955787 0.2075590111955787 0.2075590111955787 
0.5227189590471505 0.09863358059911856 0.09863358059911856 0.09863358059911856 0.18138029915549359 
0.19829319090211614 0.24293505077651895 0.19829319090211614 0.19829319090211614 0.1621853765171327 
0.18828783494659718 0.1536879733092038 0.1536879733092038 0.1536879733092038 0.3506482451257911 
0.2344688915609822 0.19138277710975451 0.19138277710975451 0.19138277710975451 0.19138277710975451 
0.7992213766582 0.036621092711526165 0.02989158338773828 0.02989158338773828 0.10437436385479723 
