0.12611619396839288 0.10250872487128128 0.23797785488813758 0.23797785488813758 0.29541937138405033 
0.2901978891013846 0.236378199630766 0.1578079704226164 0.1578079704226164 0.1578079704226164 
0.2075590111955787 0.2075590111955787 0.2075590111955787 0.2075590111955787 0.16976395521768498 
0.058413639370412385 0.058413639370412385 0.20135257739574883 0.20135257739574883 0.48046756646767796 
0.13935833216065807 0.13935833216065807 0.25627028668709545 0.25627028668709545 0.20874276230449285 
0.04401471820451724 0.04401471820451724 0.3620326480667236 0.3620326480667236 0.1879052674575183 
0.2 0.2 0.2 0.2 0.2 
0.2 0.2 0.2 0.2 0.2 
0.1005704379702169 0.08208956670432502 0.1872922252029226 0.1872922252029226 0.44275554491961305 
0.22453136198566015 0.22453136198566015 0.18364575867622646 0.18364575867622646 0.18364575867622646 
0.06231996587633591 0.06231996587633591 0.330271166197766 0.330271166197766 0.21481773585179637 
0.3089067029268837 0.25108299913619786 0.13653751453534568 0.13653751453534568 0.16693526886622678 
0.19147430099047413 0.19147430099047413 0.19147430099047413 0.19147430099047413 0.23410279603810327 
0.2075590111955787 0.2075590111955787 0.2075590111955787 0.2075590111955787 0.16976395521768498 
0.058413639370412385 0.058413639370412385 0.20135257739574883 0.20135257739574883 0.48046756646767796 
0.13935833216065807 0.13935833216065807 0.25627028668709545 0.25627028668709545 0.20874276230449285 
0.04401471820451724 0.04401471820451724 0.3620326480667236 0.3620326480667236 0.1879052674575183 
0.2 0.2 0.2 0.2 0.2 
0.2 0.2 0.2 0.2 0.2 
0.1005704379702169 0.08208956670432502 0.1872922252029226 0.1872922252029226 0.44275554491961305 
0.2 0.2 0.2 0.2 0.2 
0.11956298595827518 0.11956298595827518 0.270503003589559 0.270503003589559 0.21986802090433133 
0.2 0.2 0.2 0.2 0.2 
0.3185911587010696 0.25895463862393014 0.14081806755833332 0.14081806755833332 0.14081806755833332 
0.20572133881923121 0.20572133881923121 0.1682609102320395 0.1682609102320395 0.2520355018974585 
0.2 0.2 0.2 0.2 0.2 
0.2 0.2 0.2 0.2 0.2 
0.04401471820451724 0.04401471820451724 0.3620326480667236 0.3620326480667236 0.1879052674575183 
0.2 0.2 0.2 0.2 0.2 
0.2 0.2 0.2 0.2 0.2 
0.17643222088223307 0.17643222088223307 0.21571185274517785 0.21571185274517785 0.21571185274517785 
0.21395310502517179 0.2632258993307799 0.17427366521468282 0.17427366521468282 0.17427366521468282 
0.2 0.2 0.2 0.2 0.2 
0.21395310502517179 0.2632258993307799 0.17427366521468282 0.17427366521468282 0.17427366521468282 
0.3973630368103245 0.2535074462063237 0.1315775931708026 0.1315775931708026 0.08597433064174666 
1.7537290504073229E-6 1.4284849447358643E-6 1.7537290504073229E-6 1.7537290504073229E-6 0.999993310327904 
1.325522460587816E-11 1.325522460587816E-11 0.4999754120563128 0.4999754120563128 4.9175860864113565E-5 
0.0017108120486442797 0.9982889489501505 1.1942324163136629E-7 1.1942324163136629E-7 1.5472195272673726E-10 
0.9797716490906007 0.020170058343745727 1.6574892609709885E-5 1.6574892609709885E-5 2.5142780433946036E-5 
0.4882208944143938 0.24591513244602253 0.05409544853051528 0.05409544853051528 0.15767307607855294 
0.4090358051899024 0.26480745122511 0.09291111211473971 0.09291111211473971 0.14033451935550822 
0.32900837351937673 0.26312183869552586 0.07237397454478553 0.07237397454478553 0.26312183869552586 
0.004685320813655982 0.005776860606486247 0.06769837946321987 0.06769837946321987 0.8541410596534182 
0.2901978891013846 0.236378199630766 0.1578079704226164 0.1578079704226164 0.1578079704226164 
0.1694243499223214 0.08665655593710136 0.024165433240043215 0.024165433240043215 0.6955882276604909 
0.19147430099047413 0.19147430099047413 0.19147430099047413 0.19147430099047413 0.23410279603810327 
0.2 0.2 0.2 0.2 0.2 
0.2075590111955787 0.2075590111955787 0.2075590111955787 0.2075590111955787 0.16976395521768498 
0.2 0.2 0.2 0.2 0.2 
0.22453136198566015 0.22453136198566015 0.18364575867622646 0.18364575867622646 0.18364575867622646 
0.2 0.2 0.2 0.2 0.2 
0.2 0.2 0.2 0.2 0.2 
0.15491507344393937 0.15491507344393937 0.12670611330818268 0.12670611330818268 0.4367576264957556 
0.15491507344393937 0.15491507344393937 0.12670611330818268 0.12670611330818268 0.4367576264957556 
0.09562050741337706 0.09562050741337706 0.2695863283910818 0.2695863283910818 0.2695863283910818 
0.10753145569987334 0.10753145569987334 0.10753145569987334 0.10753145569987334 0.5698741772005067 
0.18168360351104154 0.18168360351104154 0.18168360351104154 0.18168360351104154 0.27326558595583417 
0.2 0.2 0.2 0.2 0.2 
0.07045413776316031 0.07045413776316031 0.2428563325227944 0.2428563325227944 0.3733790594280908 
0.1745442993828464 0.2138395576792909 0.1745442993828464 0.1745442993828464 0.26252754417217034 
0.13879269785081963 0.13879269785081963 0.2568300573905737 0.2568300573905737 0.2087544895172132 
0.2 0.2 0.2 0.2 0.2 
0.2075590111955787 0.2075590111955787 0.2075590111955787 0.2075590111955787 0.16976395521768498 
0.13342713061350456 0.16346565710648941 0.16346565710648941 0.16346565710648941 0.3761758980670271 
0.10457482353447986 0.10457482353447986 0.2980503822651811 0.2980503822651811 0.19474958840067802 
0.04257808281446319 0.04257808281446319 0.30494794479035786 0.30494794479035786 0.30494794479035786 
0.13763010758189378 0.13763010758189378 0.25798298453537416 0.25798298453537416 0.20877381576546394 
0.2 0.2 0.2 0.2 0.2 
0.22453136198566015 0.22453136198566015 0.18364575867622646 0.18364575867622646 0.18364575867622646 
0.22629299378364578 0.18432501568247658 0.12305684986350422 0.12305684986350422 0.3432682908068691 
0.11956298595827518 0.11956298595827518 0.270503003589559 0.270503003589559 0.21986802090433133 
0.3371182481172066 0.273419639517236 0.12085214613704867 0.12085214613704867 0.14775782009145993 
0.21571185274517785 0.21571185274517785 0.17643222088223307 0.17643222088223307 0.21571185274517785 
0.20255129017324233 0.13174510524125313 0.08647028690216771 0.08647028690216771 0.4927630307811695 
