0.22181835112602352 0.4185652430093508 0.11987213528820849 0.11987213528820849 0.11987213528820849 
0.26184430166078543 0.17480934314738605 0.17480934314738605 0.17480934314738605 0.2137276688970563 
0.18203998398860094 0.14889176582436528 0.22302275006234462 0.22302275006234462 0.22302275006234462 
0.06788792019140345 0.6982201386931545 0.08300201046201926 0.08300201046201926 0.06788792019140345 
0.2 0.2 0.2 0.2 0.2 
0.16826091023203954 0.2520355018974585 0.20572133881923121 0.20572133881923121 0.16826091023203954 
0.2 0.2 0.2 0.2 0.2 
0.2 0.2 0.2 0.2 0.2 
0.09836357446810123 0.6753916441196156 0.08028823748352641 0.08028823748352641 0.06566830644523025 
0.2075590111955787 0.16976395521768495 0.2075590111955787 0.2075590111955787 0.2075590111955787 
0.17643222088223307 0.21571185274517785 0.21571185274517785 0.21571185274517785 0.17643222088223307 
0.3239936273317957 0.21450608426018808 0.14320597184207143 0.14320597184207143 0.17508834472387344 
0.19147430099047413 0.23410279603810327 0.19147430099047413 0.19147430099047413 0.19147430099047413 
0.18203998398860094 0.14889176582436528 0.22302275006234462 0.22302275006234462 0.22302275006234462 
0.06788792019140345 0.6982201386931545 0.08300201046201926 0.08300201046201926 0.06788792019140345 
0.2 0.2 0.2 0.2 0.2 
0.16826091023203954 0.2520355018974585 0.20572133881923121 0.20572133881923121 0.16826091023203954 
0.2 0.2 0.2 0.2 0.2 
0.2 0.2 0.2 0.2 0.2 
0.09836357446810123 0.6753916441196156 0.08028823748352641 0.08028823748352641 0.06566830644523025 
0.2 0.2 0.2 0.2 0.2 
0.17643222088223307 0.21571185274517785 0.21571185274517785 0.21571185274517785 0.17643222088223307 
0.2075590111955787 0.16976395521768495 0.2075590111955787 0.2075590111955787 0.2075590111955787 
0.3488679514922727 0.15420048366210765 0.15420048366210765 0.15420048366210765 0.18853059752140414 
0.18168360351104154 0.27326558595583417 0.18168360351104154 0.18168360351104154 0.18168360351104154 
0.18203998398860094 0.14889176582436528 0.22302275006234462 0.22302275006234462 0.22302275006234462 
0.2 0.2 0.2 0.2 0.2 
0.1539964745595897 0.23066901696027353 0.23066901696027353 0.23066901696027353 0.1539964745595897 
0.2 0.2 0.2 0.2 0.2 
0.2 0.2 0.2 0.2 0.2 
0.19147430099047413 0.23410279603810327 0.19147430099047413 0.19147430099047413 0.19147430099047413 
0.15218929295642367 0.15218929295642367 0.23187380469571772 0.23187380469571772 0.23187380469571772 
0.2 0.2 0.2 0.2 0.2 
0.18143149718599264 0.14746965352193114 0.22369961643069197 0.22369961643069197 0.22369961643069197 
0.49425669725927857 0.0719832054046119 0.13405425082727937 0.13405425082727937 0.1656515956815507 
3.4948807434434114E-18 1.0 2.846725110983737E-18 2.846725110983737E-18 2.846725110983737E-18 
0.023185293219514753 0.6429426842193432 0.15919666799015741 0.15919666799015741 0.015478686580827376 
2.915021841972463E-14 1.4047849752132365E-22 0.0017078905770551442 0.0017078905770551442 0.9965842188458607 
0.9992955588365254 1.5925867070713603E-4 8.606446141140014E-5 8.606446141140014E-5 3.7305356994481414E-4 
0.38346916505258605 0.38346916505258605 0.06601511656209208 0.06601511656209208 0.10103143677064362 
0.39705396102352036 0.20899407502373432 0.11222369554072333 0.11222369554072333 0.1695045728712987 
0.1579400545790329 0.6277066813076653 0.06618893611761162 0.06618893611761162 0.0819753918780787 
0.002363374946667256 0.9858034048395421 0.004459624750848381 0.004459624750848381 0.0029139707120941325 
0.27244750230518255 0.18188812442370433 0.18188812442370433 0.18188812442370433 0.18188812442370433 
0.0048789913763105566 0.9912847489090546 0.0010908010666598304 0.0010908010666598304 0.0016546575813152268 
0.19147430099047413 0.23410279603810327 0.19147430099047413 0.19147430099047413 0.19147430099047413 
0.2 0.2 0.2 0.2 0.2 
0.18203998398860094 0.14889176582436528 0.22302275006234462 0.22302275006234462 0.22302275006234462 
0.2 0.2 0.2 0.2 0.2 
0.2075590111955787 0.16976395521768495 0.2075590111955787 0.2075590111955787 0.2075590111955787 
0.2 0.2 0.2 0.2 0.2 
0.2 0.2 0.2 0.2 0.2 
0.09130226732990054 0.614235998835216 0.09130226732990054 0.09130226732990054 0.11185719917508267 
0.0805666278886043 0.6777334884455827 0.0805666278886043 0.0805666278886043 0.0805666278886043 
0.14116843386821215 0.26122625709805086 0.21232777231391683 0.21232777231391683 0.1729497644059033 
0.04095199342316699 0.836192026307332 0.04095199342316699 0.04095199342316699 0.04095199342316699 
0.1709267891246451 0.3162928435014195 0.1709267891246451 0.1709267891246451 0.1709267891246451 
0.2 0.2 0.2 0.2 0.2 
0.11475243302381828 0.4898949146635356 0.14030010964441392 0.14030010964441392 0.11475243302381828 
0.1705815417221575 0.3176738331113697 0.1705815417221575 0.1705815417221575 0.1705815417221575 
0.18347744683615302 0.18347744683615302 0.22478382974577063 0.22478382974577063 0.18347744683615302 
0.2 0.2 0.2 0.2 0.2 
0.18203998398860094 0.14889176582436528 0.22302275006234462 0.22302275006234462 0.22302275006234462 
0.07640891085162924 0.642758410733073 0.09361089280509921 0.09361089280509921 0.09361089280509921 
0.16488703808309613 0.1345873179493294 0.2490481785297001 0.2490481785297001 0.2024292869081743 
0.16122759548279575 0.4699332683077931 0.13104768473385897 0.13104768473385897 0.1067437667416928 
0.21602551436446055 0.17596172845330926 0.21602551436446055 0.21602551436446055 0.17596172845330926 
0.2 0.2 0.2 0.2 0.2 
0.18203998398860094 0.14889176582436528 0.22302275006234462 0.22302275006234462 0.22302275006234462 
0.1774829356810832 0.5114871671278655 0.09651421638940486 0.09651421638940486 0.1180014644122414 
0.17643222088223307 0.21571185274517785 0.21571185274517785 0.21571185274517785 0.17643222088223307 
0.33892160450402836 0.18199097247955007 0.14854822526843564 0.14854822526843564 0.18199097247955007 
0.16947652256558415 0.20763086935860398 0.20763086935860398 0.20763086935860398 0.20763086935860398 
0.06982019332890609 0.8656911354445413 0.019995677616224186 0.019995677616224186 0.02449731599410402 
