0.24081569119494853 0.08356157999300104 0.24081569119494853 0.24081569119494853 0.19399134642215304 
0.2 0.2 0.2 0.2 0.2 
0.19147430099047413 0.23410279603810327 0.19147430099047413 0.19147430099047413 0.19147430099047413 
0.20294826580081096 0.03762784090260814 0.25314129776552696 0.25314129776552696 0.25314129776552696 
0.21586713904286245 0.17619929143570645 0.21586713904286245 0.21586713904286245 0.17619929143570645 
0.34349481051997893 0.1795522925371492 0.1795522925371492 0.1795522925371492 0.11784831186857353 
0.18188812442370433 0.27244750230518255 0.18188812442370433 0.18188812442370433 0.18188812442370433 
0.18188812442370433 0.27244750230518255 0.18188812442370433 0.18188812442370433 0.18188812442370433 
0.18970380200710102 0.043765177075912334 0.23605039717828097 0.23605039717828097 0.29443022656042495 
0.2 0.2 0.2 0.2 0.2 
0.2948996584189058 0.19269086877226177 0.19269086877226177 0.19269086877226177 0.12702773526430877 
0.18203998398860094 0.14889176582436528 0.22302275006234462 0.22302275006234462 0.22302275006234462 
0.2 0.2 0.2 0.2 0.2 
0.19147430099047413 0.23410279603810327 0.19147430099047413 0.19147430099047413 0.19147430099047413 
0.20294826580081096 0.03762784090260814 0.25314129776552696 0.25314129776552696 0.25314129776552696 
0.21586713904286245 0.17619929143570645 0.21586713904286245 0.21586713904286245 0.17619929143570645 
0.34349481051997893 0.1795522925371492 0.1795522925371492 0.1795522925371492 0.11784831186857353 
0.18188812442370433 0.27244750230518255 0.18188812442370433 0.18188812442370433 0.18188812442370433 
0.18188812442370433 0.27244750230518255 0.18188812442370433 0.18188812442370433 0.18188812442370433 
0.18970380200710102 0.043765177075912334 0.23605039717828097 0.23605039717828097 0.29443022656042495 
0.17126424110108873 0.3149430355956448 0.17126424110108873 0.17126424110108873 0.17126424110108873 
0.26811845443650334 0.1185090094289195 0.21792983132390462 0.21792983132390462 0.17751287348676775 
0.21571185274517785 0.17643222088223307 0.21571185274517785 0.21571185274517785 0.17643222088223307 
0.13428202594165645 0.46287189623337455 0.13428202594165645 0.13428202594165645 0.13428202594165645 
0.1732429069302145 0.1416965754677335 0.2122451819968885 0.2122451819968885 0.2605701536082752 
0.19829319090211614 0.24293505077651895 0.19829319090211614 0.19829319090211614 0.1621853765171327 
0.2 0.2 0.2 0.2 0.2 
0.39367365617382644 0.05969860736062495 0.20578187883097776 0.20578187883097776 0.1350639788035931 
0.2 0.2 0.2 0.2 0.2 
0.2 0.2 0.2 0.2 0.2 
0.2 0.2 0.2 0.2 0.2 
0.17751287348676775 0.1185090094289195 0.2179298313239046 0.2179298313239046 0.26811845443650334 
0.2 0.2 0.2 0.2 0.2 
0.16182628782441608 0.24339871353723436 0.19825833287944997 0.19825833287944997 0.19825833287944997 
0.14350661030129647 0.5291074531741699 0.11639098706777555 0.11639098706777555 0.09460396238898248 
1.7236966738849114E-7 9.783983643734298E-10 1.185779708013645E-4 1.185779708013645E-4 0.9997626707103315 
0.9995913234388585 1.4683978724909275E-9 2.0386090408574132E-4 2.0386090408574132E-4 9.53284572066184E-7 
0.14664184549626355 0.413432618014945 0.14664184549626355 0.14664184549626355 0.14664184549626355 
0.0929971808716101 0.6807268241736952 0.07542533165156484 0.07542533165156484 0.07542533165156484 
0.10103363638296538 0.3892723046987322 0.1568094900351371 0.1568094900351371 0.19607507884802813 
0.08545611966019201 0.5991346141612264 0.10513642205952718 0.10513642205952718 0.10513642205952718 
4.434086557087678E-17 0.9999999999999998 8.605192314413564E-17 8.605192314413564E-17 1.7084083629026004E-16 
0.008305524912319482 0.9388882914841798 0.014158085680686331 0.014158085680686331 0.02449001224212778 
0.2 0.2 0.2 0.2 0.2 
0.02476316403973773 0.38242818436852966 0.10519023361160149 0.10519023361160149 0.38242818436852966 
0.2075590111955787 0.16976395521768495 0.2075590111955787 0.2075590111955787 0.2075590111955787 
0.2 0.2 0.2 0.2 0.2 
0.18188812442370433 0.27244750230518255 0.18188812442370433 0.18188812442370433 0.18188812442370433 
0.2 0.2 0.2 0.2 0.2 
0.19147430099047413 0.23410279603810327 0.19147430099047413 0.19147430099047413 0.19147430099047413 
0.2 0.2 0.2 0.2 0.2 
0.19147430099047413 0.23410279603810327 0.19147430099047413 0.19147430099047413 0.19147430099047413 
0.12152037630896079 0.06567043220380687 0.22930567097872828 0.22930567097872828 0.35419784952977573 
0.13053900153812634 0.16130778225994633 0.19978064974856785 0.19978064974856785 0.30859191670479164 
0.15597035282665775 0.4653706542414792 0.12621966431062098 0.12621966431062098 0.12621966431062098 
0.10453251518999737 0.10453251518999737 0.1999772656254777 0.1999772656254777 0.3909804383690496 
0.1911937252817863 0.1911937252817863 0.1911937252817863 0.1911937252817863 0.23522509887285437 
0.19147430099047413 0.23410279603810327 0.19147430099047413 0.19147430099047413 0.19147430099047413 
0.23350078127964122 0.06599687488143519 0.23350078127964122 0.23350078127964122 0.23350078127964122 
0.16146035253434876 0.19822239763321575 0.19822239763321575 0.19822239763321575 0.24387245456600382 
0.24339871353723436 0.1982583328794499 0.1982583328794499 0.1982583328794499 0.16182628782441605 
0.2 0.2 0.2 0.2 0.2 
0.2 0.2 0.2 0.2 0.2 
0.11378088271158077 0.2689760168732002 0.1741335417710095 0.1741335417710095 0.2689760168732002 
0.30481098011944624 0.13245433164253484 0.20006126871730112 0.20006126871730112 0.16261215080341693 
0.3527990689848289 0.05955790096697768 0.2227629765349566 0.2227629765349566 0.14211707697828013 
0.2599985085728365 0.2599985085728365 0.17064881150050581 0.17064881150050581 0.13870535985331556 
0.19147430099047413 0.23410279603810327 0.19147430099047413 0.19147430099047413 0.19147430099047413 
0.19147430099047413 0.23410279603810327 0.19147430099047413 0.19147430099047413 0.19147430099047413 
0.10102171395661348 0.4592395264742283 0.12455675565582126 0.12455675565582126 0.19062524825751567 
0.20159079702431648 0.3057970429393501 0.1642040533454444 0.1642040533454444 0.1642040533454444 
0.09130226732990054 0.614235998835216 0.09130226732990054 0.09130226732990054 0.11185719917508267 
0.18203998398860094 0.14889176582436528 0.22302275006234462 0.22302275006234462 0.22302275006234462 
0.1263729828521694 0.15841668694186195 0.19909910924635835 0.19909910924635835 0.317012111713252 
