0.15516784960930338 0.12557023520523697 0.2968458399901113 0.12557023520523697 0.2968458399901113 
0.14775782009145993 0.12085214613704867 0.27341963951723597 0.12085214613704867 0.3371182481172066 
0.12218845010304676 0.34825126192630307 0.09973504269915343 0.34825126192630307 0.08157398334519363 
0.2851694419261547 0.23077457080301253 0.1521336806070776 0.23077457080301253 0.10114773586074231 
0.3239936273317957 0.14320597184207143 0.21450608426018808 0.14320597184207143 0.17508834472387344 
0.30337560614524467 0.16497393840375685 0.20170257864348454 0.16497393840375685 0.16497393840375685 
0.23410279603810327 0.19147430099047413 0.19147430099047413 0.19147430099047413 0.19147430099047413 
0.23410279603810327 0.19147430099047413 0.19147430099047413 0.19147430099047413 0.19147430099047413 
0.8188708153565623 0.022257741043791864 0.07981562600743278 0.027383635786143095 0.05167218180606993 
0.22453136198566015 0.18364575867622646 0.18364575867622646 0.22453136198566015 0.18364575867622646 
0.2926277854879111 0.15912933433150755 0.19455677292453685 0.15912933433150755 0.19455677292453685 
0.226111650281632 0.03428868154658992 0.352655493312594 0.03428868154658992 0.352655493312594 
0.2779811108484348 0.22545648461709755 0.14926771271570274 0.22545648461709755 0.1218382072016671 
0.12218845010304676 0.34825126192630307 0.09973504269915343 0.34825126192630307 0.08157398334519363 
0.2851694419261547 0.23077457080301253 0.1521336806070776 0.23077457080301253 0.10114773586074231 
0.3239936273317957 0.14320597184207143 0.21450608426018808 0.14320597184207143 0.17508834472387344 
0.30337560614524467 0.16497393840375685 0.20170257864348454 0.16497393840375685 0.16497393840375685 
0.23410279603810327 0.19147430099047413 0.19147430099047413 0.19147430099047413 0.19147430099047413 
0.23410279603810327 0.19147430099047413 0.19147430099047413 0.19147430099047413 0.19147430099047413 
0.8188708153565623 0.022257741043791864 0.07981562600743278 0.027383635786143095 0.05167218180606993 
0.30337560614524467 0.16497393840375685 0.20170257864348454 0.16497393840375685 0.16497393840375685 
0.2 0.2 0.2 0.2 0.2 
0.27244750230518255 0.18188812442370433 0.18188812442370433 0.18188812442370433 0.18188812442370433 
0.10660300812113492 0.05797011275524737 0.3822753535825247 0.07087617195856834 0.3822753535825247 
0.23410279603810327 0.19147430099047413 0.19147430099047413 0.19147430099047413 0.19147430099047413 
0.26184430166078543 0.17480934314738608 0.17480934314738608 0.21372766889705624 0.17480934314738608 
0.2 0.2 0.2 0.2 0.2 
0.18853059752140414 0.34886795149227273 0.15420048366210765 0.15420048366210765 0.15420048366210765 
0.41085584857976054 0.14728603785505995 0.14728603785505995 0.14728603785505995 0.14728603785505995 
0.26184430166078543 0.17480934314738608 0.21372766889705624 0.17480934314738608 0.17480934314738608 
0.2520355018974585 0.16826091023203954 0.20572133881923121 0.16826091023203954 0.20572133881923121 
0.13890947952440888 0.31693023323676084 0.11361502700103478 0.31693023323676084 0.11361502700103478 
0.027255418825971274 0.8909783246961148 0.027255418825971274 0.027255418825971274 0.027255418825971274 
4.0373387985280886E-16 0.9688412341036099 1.7544086238755364E-16 0.03115876589638922 1.4320176650610171E-16 
0.26438142085514094 0.0026098211744063063 0.26438142085514094 0.26438142085514094 0.20424591626017066 
0.4744192658972959 0.08482576104022937 0.1969261902043519 0.08482576104022937 0.1590030218178932 
0.19586518464001085 0.1065103793835408 0.2409723820946202 0.1595403049240597 0.2971117489577682 
0.2016521814815002 0.2486311161483734 0.13350762540716307 0.30723487596919863 0.10897420099376452 
9.681914323170868E-18 6.727493533488055E-20 9.536734069124272E-7 1.5220489793328935E-19 0.9999990463265931 
0.9999707809189143 5.411627629615847E-10 2.8517515092760818E-5 1.6343062197523033E-9 6.993905238173386E-7 
0.9997328693012085 4.580151559675272E-6 1.270104678007889E-4 8.529611630330725E-6 1.270104678007889E-4 
0.22580418693424348 0.020336037311839722 0.3615058204917923 0.030848134770332627 0.3615058204917923 
0.4827735056771891 0.08791684675497759 0.16372745504439742 0.13279109626171778 0.13279109626171778 
0.274363499279528 0.07959456347965851 0.274363499279528 0.09731493868175718 0.274363499279528 
0.3861959179694722 0.00106842334213381 0.3861959179694722 0.001613764734635738 0.22492597598428585 
0.22453136198566015 0.18364575867622646 0.22453136198566015 0.18364575867622646 0.18364575867622646 
0.4791720193844631 0.0904165635793146 0.20456123461976922 0.0904165635793146 0.13543361883713867 
0.21571185274517785 0.21571185274517785 0.1764322208822331 0.21571185274517785 0.1764322208822331 
0.2 0.2 0.2 0.2 0.2 
0.2 0.2 0.2 0.2 0.2 
0.22453136198566015 0.18364575867622646 0.22453136198566015 0.18364575867622646 0.18364575867622646 
0.23410279603810327 0.19147430099047413 0.19147430099047413 0.19147430099047413 0.19147430099047413 
0.22835533249813364 0.15245184036853912 0.1863926485529 0.28034833821188815 0.15245184036853912 
0.26184430166078543 0.17480934314738608 0.21372766889705624 0.17480934314738608 0.17480934314738608 
0.543835290324271 0.10261809144750293 0.12546426339036157 0.10261809144750293 0.12546426339036157 
0.15968239858692226 0.3612704056523108 0.15968239858692226 0.15968239858692226 0.15968239858692226 
0.22453136198566015 0.18364575867622646 0.18364575867622646 0.22453136198566015 0.18364575867622646 
0.16678424679364126 0.2498236298095381 0.16678424679364126 0.2498236298095381 0.16678424679364126 
0.09723712854134957 0.35851233144218464 0.052213489341453055 0.44941833683954036 0.04261871383547207 
0.292627785487911 0.15912933433150755 0.19455677292453685 0.19455677292453685 0.15912933433150755 
0.23410279603810327 0.19147430099047413 0.19147430099047413 0.19147430099047413 0.19147430099047413 
0.2 0.2 0.2 0.2 0.2 
0.22453136198566015 0.18364575867622646 0.18364575867622646 0.22453136198566015 0.18364575867622646 
0.2520355018974585 0.16826091023203954 0.20572133881923121 0.16826091023203954 0.20572133881923121 
0.22453136198566015 0.18364575867622646 0.18364575867622646 0.22453136198566015 0.18364575867622646 
0.1980195799915887 0.08529673760621936 0.30587167381619845 0.10494033476979495 0.30587167381619845 
0.6673519693864649 0.04118508804980672 0.11488620745020728 0.06169052766331409 0.11488620745020728 
0.3239936273317957 0.14320597184207143 0.21450608426018808 0.14320597184207143 0.17508834472387344 
0.4051221776289261 0.11752847215092019 0.21612669142229768 0.11752847215092019 0.14369418664693578 
0.2791414609757475 0.1169815749243975 0.2791414609757475 0.1448823777723582 0.17985312535174944 
0.21571185274517785 0.21571185274517785 0.21571185274517785 0.1764322208822331 0.1764322208822331 
0.09739489631028056 0.052962793643467704 0.34925532665868875 0.06475405844955519 0.43563292493800776 
0.26184430166078543 0.17480934314738608 0.21372766889705624 0.17480934314738608 0.17480934314738608 
0.1599665654353239 0.04214589702141943 0.32272198453648776 0.06510081511623395 0.4100647378905349 
