0.27830878518388547 0.27830878518388547 0.14547812334442561 0.18017552283445123 0.11772878345335222 
0.36441021863283135 0.29490050277897806 0.10571767875746498 0.12925392107326059 0.10571767875746498 
0.08166930413595905 0.08166930413595905 0.43281500463377826 0.1223312296904667 0.28151515740383726 
0.096661811112475 0.11842334012543655 0.22053966688127463 0.4189886640952539 0.1453865177855597 
0.16899390118640314 0.16899390118640314 0.13822128419198018 0.3855696292432333 0.13822128419198018 
0.18188812442370433 0.18188812442370433 0.18188812442370433 0.27244750230518255 0.18188812442370433 
0.18364575867622646 0.18364575867622646 0.18364575867622646 0.22453136198566015 0.22453136198566015 
0.18364575867622646 0.18364575867622646 0.18364575867622646 0.22453136198566015 0.22453136198566015 
0.034641859283496376 0.042904149193512355 0.02273702317503994 0.8716828979581883 0.028034070389762963 
0.18364575867622646 0.18364575867622646 0.18364575867622646 0.22453136198566015 0.22453136198566015 
0.1490824656421867 0.18227313987597063 0.1490824656421867 0.33728878896368514 0.18227313987597063 
0.2670968998862716 0.3339788025171789 0.03247274753968514 0.3339788025171789 0.03247274753968514 
0.12234110128785891 0.12234110128785891 0.2263870689995474 0.34492065770926106 0.1840100707154737 
0.08166930413595905 0.08166930413595905 0.43281500463377826 0.1223312296904667 0.28151515740383726 
0.096661811112475 0.11842334012543655 0.22053966688127463 0.4189886640952539 0.1453865177855597 
0.16899390118640314 0.16899390118640314 0.13822128419198018 0.3855696292432333 0.13822128419198018 
0.18188812442370433 0.18188812442370433 0.18188812442370433 0.27244750230518255 0.18188812442370433 
0.18364575867622646 0.18364575867622646 0.18364575867622646 0.22453136198566015 0.22453136198566015 
0.18364575867622646 0.18364575867622646 0.18364575867622646 0.22453136198566015 0.22453136198566015 
0.034641859283496376 0.042904149193512355 0.02273702317503994 0.8716828979581883 0.028034070389762963 
0.17126424110108873 0.17126424110108873 0.17126424110108873 0.3149430355956448 0.17126424110108873 
0.2 0.2 0.2 0.2 0.2 
0.18188812442370433 0.18188812442370433 0.18188812442370433 0.27244750230518255 0.18188812442370433 
0.41289457043310634 0.33102554884421226 0.050198340571867374 0.11357028089479491 0.09231125925601884 
0.19147430099047413 0.19147430099047413 0.19147430099047413 0.23410279603810322 0.19147430099047413 
0.17480934314738605 0.17480934314738605 0.17480934314738605 0.21372766889705624 0.26184430166078543 
0.2 0.2 0.2 0.2 0.2 
0.19147430099047413 0.19147430099047413 0.19147430099047413 0.23410279603810322 0.19147430099047413 
0.17126424110108873 0.17126424110108873 0.17126424110108873 0.3149430355956448 0.17126424110108873 
0.16497393840375685 0.20170257864348456 0.16497393840375685 0.30337560614524467 0.16497393840375685 
0.16497393840375685 0.20170257864348456 0.16497393840375685 0.30337560614524467 0.16497393840375685 
0.11195604314068157 0.11195604314068157 0.38591394209250596 0.1368811511363081 0.2532928204898229 
0.2 0.2 0.2 0.2 0.2 
4.470139904674084E-25 5.476505066965242E-25 1.0 1.5608674951748795E-24 5.5173796299783205E-17 
0.0018712798716454756 0.0018712798716454756 1.0694995622919645E-4 0.004100204633855013 0.9920502856666249 
0.10821672875928534 0.13372402357840957 0.07133978926760036 0.6286102453975616 0.058109212997143 
0.26618695501689177 0.26618695501689177 0.11666886746636469 0.1754786112499258 0.1754786112499258 
0.10658191551621034 0.10658191551621034 0.30049021966269074 0.24317297465244403 0.24317297465244403 
0.9999997600418445 2.399581554982577E-7 9.755663325856732E-24 1.4864359235589921E-21 5.2617819843656194E-23 
6.7919833533991E-13 7.986964007805624E-12 2.680097422897168E-15 0.9999999999913178 1.3285952833681438E-14 
0.01783244126845264 0.01783244126845264 7.894742412487254E-4 0.9607146110583378 0.0028310321635081335 
0.35405436698381926 0.35405436698381926 0.0245036632774398 0.22114985135934953 0.04623775139557248 
0.11331829098398725 0.13971806781549595 0.09210643889453692 0.5151391344904838 0.13971806781549595 
0.2743634992795281 0.2743634992795281 0.07959456347965851 0.2743634992795281 0.09731493868175718 
0.08639959461809839 0.11260515755547061 6.566725540091846E-4 0.7991076647665577 0.0012309105058640772 
0.19147430099047413 0.19147430099047413 0.19147430099047413 0.23410279603810322 0.19147430099047413 
0.09201843306709692 0.13840253355218013 0.07526251479240481 0.6190540037959132 0.07526251479240481 
0.18364575867622646 0.18364575867622646 0.18364575867622646 0.22453136198566015 0.22453136198566015 
0.2 0.2 0.2 0.2 0.2 
0.2 0.2 0.2 0.2 0.2 
0.17480934314738605 0.17480934314738605 0.17480934314738605 0.26184430166078543 0.21372766889705624 
0.19147430099047413 0.19147430099047413 0.19147430099047413 0.23410279603810322 0.19147430099047413 
0.12243602005451319 0.12243602005451319 0.14969431658593582 0.1833950839931366 0.4220385593119011 
0.17480934314738605 0.2137276688970563 0.17480934314738605 0.26184430166078543 0.17480934314738605 
0.13038411357022106 0.1594119178805977 0.13038411357022106 0.44943574140873904 0.13038411357022106 
0.2 0.2 0.2 0.2 0.2 
0.18364575867622646 0.18364575867622646 0.18364575867622646 0.22453136198566015 0.22453136198566015 
0.17480934314738605 0.17480934314738605 0.26184430166078543 0.17480934314738605 0.2137276688970563 
0.036520176996235304 0.044741985403459555 0.48400707862668285 0.12751985040077438 0.307210908572848 
0.16497393840375685 0.16497393840375685 0.16497393840375685 0.3033756061452446 0.20170257864348454 
0.19147430099047413 0.19147430099047413 0.19147430099047413 0.23410279603810322 0.19147430099047413 
0.2 0.2 0.2 0.2 0.2 
0.17480934314738605 0.17480934314738605 0.17480934314738605 0.21372766889705624 0.26184430166078543 
0.15912933433150755 0.19455677292453688 0.15912933433150755 0.292627785487911 0.19455677292453688 
0.18364575867622646 0.18364575867622646 0.18364575867622646 0.22453136198566015 0.22453136198566015 
0.29191892617460297 0.29191892617460297 0.10015334030836155 0.23460299510247032 0.08140581223996221 
0.15656955286422403 0.15656955286422403 0.06862392039919828 0.46166742100812935 0.15656955286422403 
0.15491507344393937 0.15491507344393937 0.12670611330818268 0.4367576264957556 0.12670611330818268 
0.13600429904337102 0.16662302494408862 0.11123885973062154 0.47489495655129726 0.11123885973062154 
0.14465573985614247 0.17999662888086126 0.11652879263448271 0.442290045994031 0.11652879263448271 
0.18364575867622646 0.18364575867622646 0.18364575867622646 0.22453136198566015 0.22453136198566015 
0.41289457043310634 0.33102554884421226 0.050198340571867374 0.11357028089479491 0.09231125925601884 
0.17480934314738605 0.17480934314738605 0.17480934314738605 0.26184430166078543 0.21372766889705624 
0.3638523402229838 0.3638523402229838 0.04642270825484067 0.11293630564959586 0.11293630564959586 
