0.17283016322499123 0.266962748399933 0.17283016322499123 0.17283016322499123 0.2145467619250935 
0.23410279603810327 0.19147430099047413 0.19147430099047413 0.19147430099047413 0.19147430099047413 
0.27244750230518255 0.18188812442370433 0.18188812442370433 0.18188812442370433 0.18188812442370433 
0.15023684157699516 0.15023684157699516 0.23317543894866996 0.23317543894866996 0.23317543894866996 
0.3262651037668358 0.26461720051406706 0.11696144667357297 0.11696144667357297 0.17519480237195117 
0.06248800990924526 0.675978923434864 0.041717493554523505 0.041717493554523505 0.17809807954684367 
0.23410279603810327 0.19147430099047413 0.19147430099047413 0.19147430099047413 0.19147430099047413 
0.23410279603810327 0.19147430099047413 0.19147430099047413 0.19147430099047413 0.19147430099047413 
0.7339982076958322 0.03612732185582376 0.08703513481822524 0.08703513481822524 0.05580420081189325 
0.23410279603810327 0.19147430099047413 0.19147430099047413 0.19147430099047413 0.19147430099047413 
0.12573015114157413 0.5715628136995152 0.0555730328166015 0.0555730328166015 0.19156096952570767 
0.6354431801721223 0.061784118662688466 0.11361669989092046 0.11361669989092046 0.07553930138334812 
0.34834417555172564 0.12487648308830357 0.18705061708597023 0.18705061708597023 0.1526781071880302 
0.27244750230518255 0.18188812442370433 0.18188812442370433 0.18188812442370433 0.18188812442370433 
0.15023684157699516 0.15023684157699516 0.23317543894866996 0.23317543894866996 0.23317543894866996 
0.3262651037668358 0.26461720051406706 0.11696144667357297 0.11696144667357297 0.17519480237195117 
0.06248800990924526 0.675978923434864 0.041717493554523505 0.041717493554523505 0.17809807954684367 
0.23410279603810327 0.19147430099047413 0.19147430099047413 0.19147430099047413 0.19147430099047413 
0.23410279603810327 0.19147430099047413 0.19147430099047413 0.19147430099047413 0.19147430099047413 
0.7339982076958322 0.03612732185582376 0.08703513481822524 0.08703513481822524 0.05580420081189325 
0.3149430355956448 0.17126424110108873 0.17126424110108873 0.17126424110108873 0.17126424110108873 
0.12068631583462498 0.4160073060266768 0.12068631583462498 0.12068631583462498 0.22193374646944838 
0.24087937523083602 0.24087937523083602 0.1608129911354928 0.1608129911354928 0.1966152672673423 
0.3612704056523108 0.15968239858692226 0.15968239858692226 0.15968239858692226 0.15968239858692226 
0.16525687322312066 0.1351647430948161 0.24855856787208955 0.24855856787208955 0.20246124793788436 
0.21571185274517785 0.21571185274517785 0.17643222088223307 0.17643222088223307 0.21571185274517785 
0.2 0.2 0.2 0.2 0.2 
0.043805304462264764 0.7315795722565813 0.03582866242324529 0.03582866242324529 0.152957798434663 
0.3612704056523108 0.15968239858692226 0.15968239858692226 0.15968239858692226 0.15968239858692226 
0.3149430355956448 0.17126424110108873 0.17126424110108873 0.17126424110108873 0.17126424110108873 
0.26252754417217034 0.2138395576792909 0.17454429938284638 0.17454429938284638 0.17454429938284638 
0.13147244818075196 0.10753222746992963 0.2999622042267599 0.2999622042267599 0.1610709158957985 
0.2 0.2 0.2 0.2 0.2 
0.4087305171671025 0.09574057597275083 0.17606026472704175 0.17606026472704175 0.14340837740606308 
0.9416849917066427 0.020626281831350162 0.013415918843482916 0.013415918843482916 0.010856888775041132 
6.147756364056107E-26 1.6436639085853802E-26 0.5 0.5 7.489425248856098E-21 
1.9282583823078177E-34 1.0 2.3723308281287812E-34 2.3723308281287812E-34 3.79003093310847E-28 
0.34834417555172564 0.12487648308830357 0.18705061708597023 0.18705061708597023 0.1526781071880302 
0.931211935566997 0.01804963740263569 0.01804963740263569 0.01804963740263569 0.01463915222509601 
0.999999999998318 6.294499942106613E-14 7.178064895569587E-13 7.178064895569587E-13 1.8346703746958794E-13 
0.9985405952751953 2.440790588265332E-4 4.5751794549158856E-4 4.5751794549158856E-4 3.002897749946917E-4 
0.14975512190429294 0.013487020714862474 0.3882162071038763 0.3882162071038763 0.060325443173092144 
0.0033823156436055216 0.03668364156913778 0.4121482563927003 0.4121482563927003 0.13563753000185602 
0.46287189623337455 0.13428202594165645 0.13428202594165645 0.13428202594165645 0.13428202594165645 
0.16953929760126976 1.865595600736823E-4 0.4124520660967308 0.4124520660967308 0.005370010645194691 
0.2075590111955787 0.16976395521768495 0.2075590111955787 0.2075590111955787 0.2075590111955787 
0.6728086840532764 0.08179782898668078 0.08179782898668078 0.08179782898668078 0.08179782898668078 
0.23410279603810327 0.19147430099047413 0.19147430099047413 0.19147430099047413 0.19147430099047413 
0.2 0.2 0.2 0.2 0.2 
0.2 0.2 0.2 0.2 0.2 
0.23410279603810327 0.19147430099047413 0.19147430099047413 0.19147430099047413 0.19147430099047413 
0.23410279603810327 0.19147430099047413 0.19147430099047413 0.19147430099047413 0.19147430099047413 
0.04720653849309764 0.03151546141695564 0.4063218966037647 0.4063218966037647 0.10863420688241734 
0.04720653849309764 0.03151546141695564 0.4063218966037647 0.4063218966037647 0.10863420688241734 
0.2585767968378226 0.2585767968378226 0.13703258851985775 0.13703258851985775 0.20878122928463888 
0.01375903649291518 0.01375903649291518 0.4497822382464679 0.4497822382464679 0.07291745052123397 
0.12395885602914182 0.12395885602914182 0.2828194971832333 0.2828194971832333 0.1864432935752495 
0.2 0.2 0.2 0.2 0.2 
0.14435173951429708 0.2761539421861404 0.1787804897474131 0.1787804897474131 0.22193333880473634 
0.1792875009441596 0.09749552877090795 0.2719647346703864 0.2719647346703864 0.1792875009441596 
0.155728132720886 0.3553029900747922 0.12737112013147503 0.12737112013147503 0.23422663694137166 
0.2 0.2 0.2 0.2 0.2 
0.23410279603810327 0.19147430099047413 0.19147430099047413 0.19147430099047413 0.19147430099047413 
0.0569431712014084 0.037859288073289005 0.39922974554114954 0.39922974554114954 0.10673804964300371 
0.09698436896060385 0.5230916528345444 0.07932418821136752 0.07932418821136752 0.22127560178211697 
0.07403862520326625 0.5803006343192353 0.05964251132954428 0.05964251132954428 0.22637571781840965 
0.48128223039863394 0.24799527889705147 0.0700936129757709 0.0700936129757709 0.1305352647527727 
0.41085584857976054 0.14728603785505995 0.14728603785505995 0.14728603785505995 0.14728603785505995 
0.5162741233662188 0.12093146915844531 0.12093146915844531 0.12093146915844531 0.12093146915844531 
0.38912417025515744 0.030181557717132556 0.2482512602339176 0.2482512602339176 0.0841917515598748 
0.155728132720886 0.3553029900747922 0.12737112013147503 0.12737112013147503 0.23422663694137166 
0.2771593507801175 0.1225051076172484 0.2252783781418461 0.2252783781418461 0.14977878531894168 
0.20246124793788436 0.1351647430948161 0.24855856787208955 0.24855856787208955 0.16525687322312063 
0.06360368347091629 0.01700507840314921 0.4278937773275091 0.4278937773275091 0.06360368347091629 
