0.2662206213303925 0.11467426849379111 0.11467426849379111 0.1739516521798588 0.3304791895021661 
0.18188812442370433 0.18188812442370433 0.27244750230518255 0.18188812442370433 0.18188812442370433 
0.10261809144750293 0.12546426339036157 0.12546426339036157 0.5438352903242709 0.10261809144750293 
0.24617824190078508 0.13133245193727405 0.07141784440618859 0.24617824190078508 0.30489321985496676 
0.2664925875830114 0.17718050171487273 0.14491716155955217 0.14491716155955217 0.2664925875830114 
0.3027334662031796 0.1026688072053363 0.08326950087254831 0.03680532205358978 0.47452290366534594 
0.19147430099047413 0.19147430099047413 0.23410279603810327 0.19147430099047413 0.19147430099047413 
0.19147430099047413 0.19147430099047413 0.23410279603810327 0.19147430099047413 0.19147430099047413 
0.13753803374880033 0.0738538947716207 0.5071013704429567 0.11155017510185927 0.16995652593476304 
0.19147430099047413 0.23410279603810327 0.19147430099047413 0.19147430099047413 0.19147430099047413 
0.2942601058238853 0.1256212969697238 0.06788659742980259 0.05552491900770578 0.4567070807688825 
0.2 0.2 0.2 0.2 0.2 
0.14792207871305224 0.14792207871305224 0.22157027023535322 0.33466349362549 0.14792207871305224 
0.10261809144750293 0.12546426339036157 0.12546426339036157 0.5438352903242709 0.10261809144750293 
0.24617824190078508 0.13133245193727405 0.07141784440618859 0.24617824190078508 0.30489321985496676 
0.2664925875830114 0.17718050171487273 0.14491716155955217 0.14491716155955217 0.2664925875830114 
0.3027334662031796 0.1026688072053363 0.08326950087254831 0.03680532205358978 0.47452290366534594 
0.19147430099047413 0.19147430099047413 0.23410279603810327 0.19147430099047413 0.19147430099047413 
0.19147430099047413 0.19147430099047413 0.23410279603810327 0.19147430099047413 0.19147430099047413 
0.13753803374880033 0.0738538947716207 0.5071013704429567 0.11155017510185927 0.16995652593476304 
0.17126424110108873 0.17126424110108873 0.3149430355956448 0.17126424110108873 0.17126424110108873 
0.3073195009072185 0.16502156867184872 0.1101697147568572 0.1101697147568572 0.3073195009072185 
0.22302275006234462 0.18203998398860094 0.22302275006234462 0.14889176582436528 0.22302275006234462 
0.18188812442370433 0.18188812442370433 0.27244750230518255 0.18188812442370433 0.18188812442370433 
0.19147430099047413 0.23410279603810327 0.19147430099047413 0.19147430099047413 0.19147430099047413 
0.18027400319000136 0.22085919299300535 0.271145442749465 0.14744735787752716 0.18027400319000136 
0.2 0.2 0.2 0.2 0.2 
0.36774867771691927 0.09974224680703356 0.03575619134971989 0.03575619134971989 0.46099669277660715 
0.10753145569987334 0.10753145569987334 0.5698741772005067 0.10753145569987334 0.10753145569987334 
0.19147430099047413 0.19147430099047413 0.23410279603810327 0.19147430099047413 0.19147430099047413 
0.21571185274517785 0.21571185274517785 0.17643222088223307 0.17643222088223307 0.21571185274517785 
0.13355234452593018 0.2471330036837224 0.1092333891201339 0.3765289181442832 0.13355234452593018 
0.18188812442370433 0.18188812442370433 0.18188812442370433 0.27244750230518255 0.18188812442370433 
1.2820236041529118E-34 2.3723308281287812E-34 1.9282583823078177E-34 1.0 1.2820236041529118E-34 
0.09095348279384965 0.07343806628298968 0.6964542349832715 0.04820073314603954 0.09095348279384965 
0.15650430939347665 0.1036166262105524 0.4561662127211872 0.12720854228130674 0.15650430939347665 
1.1074025427311882E-5 7.726512755183864E-15 3.494842041045166E-18 1.9004753313429286E-18 0.999988925974565 
7.938963383278304E-8 0.999999911271728 9.641700603147257E-10 1.468998087289158E-9 6.905470112465842E-9 
0.046590388876523364 0.030846044610093073 0.8553801123580488 0.02059306527881138 0.046590388876523364 
0.058895875356598903 0.07261685501671633 0.6716314548881511 0.1379599393819347 0.058895875356598903 
2.5706041628310963E-13 2.5706041628310963E-13 0.9999999999989717 2.5706041628310963E-13 2.5706041628310963E-13 
2.1928993262598505E-4 2.703779364464857E-4 0.9991538492612297 1.782414348488239E-4 1.782414348488239E-4 
0.30949739097327955 0.0766335080932098 0.09606504639571599 0.013702006036568395 0.5041020485012261 
0.14728603785505995 0.14728603785505995 0.4108558485797606 0.14728603785505995 0.14728603785505995 
0.0662091729509354 0.0662091729509354 0.7351633081962585 0.0662091729509354 0.0662091729509354 
0.2 0.2 0.2 0.2 0.2 
0.2 0.2 0.2 0.2 0.2 
0.16497393840375685 0.20170257864348456 0.30337560614524467 0.16497393840375685 0.16497393840375685 
0.2 0.2 0.2 0.2 0.2 
0.19147430099047413 0.23410279603810327 0.19147430099047413 0.19147430099047413 0.19147430099047413 
0.2 0.2 0.2 0.2 0.2 
0.2 0.2 0.2 0.2 0.2 
0.17480934314738605 0.2137276688970563 0.26184430166078543 0.17480934314738605 0.17480934314738605 
0.17480934314738605 0.2137276688970563 0.26184430166078543 0.17480934314738605 0.17480934314738605 
0.07893584032139403 0.05180917155863609 0.7485926994857699 0.02289977992619294 0.09776250870800701 
0.19147430099047413 0.19147430099047413 0.23410279603810327 0.19147430099047413 0.19147430099047413 
0.2075590111955787 0.2075590111955787 0.2075590111955787 0.16976395521768498 0.2075590111955787 
0.18188812442370433 0.18188812442370433 0.18188812442370433 0.27244750230518255 0.18188812442370433 
0.14921132249606678 0.06427262911760856 0.034951092119184554 0.566337994221067 0.18522696204607283 
0.17508834472387344 0.21450608426018808 0.32399362733179565 0.14320597184207143 0.14320597184207143 
0.24825038887155787 0.20178083409653824 0.1341561870291557 0.10972727609273807 0.30608531391000976 
0.2 0.2 0.2 0.2 0.2 
0.19147430099047413 0.23410279603810327 0.19147430099047413 0.19147430099047413 0.19147430099047413 
0.18981930412587236 0.232553433006913 0.232553433006913 0.15525452573442944 0.18981930412587236 
0.3265786909744819 0.17189857838650477 0.11332081923092799 0.06162322043360329 0.3265786909744819 
0.37404363015503916 0.07820460324028601 0.03368655525109455 0.04144447354611718 0.4726207378074632 
0.035276276691053265 0.02315342008896487 0.8876465562540283 0.010233868031954849 0.04368987893399858 
0.2 0.2 0.2 0.2 0.2 
0.17480934314738605 0.2137276688970563 0.26184430166078543 0.17480934314738605 0.17480934314738605 
0.09941686017996719 0.09941686017996719 0.2773243074986592 0.4244251119614392 0.09941686017996719 
0.25790157856872836 0.17074859835636674 0.13937175513341094 0.1139931254287193 0.31798494251277454 
0.16497393840375685 0.20170257864348456 0.30337560614524467 0.16497393840375685 0.16497393840375685 
0.18364575867622646 0.22453136198566015 0.22453136198566015 0.18364575867622646 0.18364575867622646 
0.05199924029089198 0.03442707657913613 0.7513390098606861 0.0981211632769429 0.06411350999234308 
