0.12108892108148575 0.2862520917730259 0.18531797429097682 0.12108892108148575 0.2862520917730259 
0.09884686150145375 0.34072642186508884 0.12085343326691476 0.09884686150145375 0.34072642186508884 
0.5147558650451606 0.09713099788144679 0.14549106959597308 0.14549106959597308 0.09713099788144679 
0.25155388964727954 0.09017852816566173 0.47791052585573524 0.09017852816566173 0.09017852816566173 
0.14728603785505995 0.14728603785505995 0.4108558485797606 0.14728603785505995 0.14728603785505995 
0.18188812442370433 0.18188812442370433 0.27244750230518255 0.18188812442370433 0.18188812442370433 
0.18364575867622646 0.18364575867622646 0.22453136198566015 0.22453136198566015 0.18364575867622646 
0.18364575867622646 0.18364575867622646 0.22453136198566015 0.22453136198566015 0.18364575867622646 
0.019047001861449187 0.023433472460916763 0.8983830920478202 0.03570296116889718 0.023433472460916763 
0.16497393840375685 0.16497393840375685 0.20170257864348456 0.30337560614524467 0.16497393840375685 
0.15420048366210765 0.15420048366210765 0.34886795149227273 0.18853059752140414 0.15420048366210765 
0.039256328177448986 0.2588700628847329 0.40374721787563606 0.039256328177448986 0.2588700628847329 
0.26461720051406706 0.11696144667357297 0.3262651037668358 0.17519480237195117 0.11696144667357297 
0.5147558650451606 0.09713099788144679 0.14549106959597308 0.14549106959597308 0.09713099788144679 
0.25155388964727954 0.09017852816566173 0.47791052585573524 0.09017852816566173 0.09017852816566173 
0.14728603785505995 0.14728603785505995 0.4108558485797606 0.14728603785505995 0.14728603785505995 
0.18188812442370433 0.18188812442370433 0.27244750230518255 0.18188812442370433 0.18188812442370433 
0.18364575867622646 0.18364575867622646 0.22453136198566015 0.22453136198566015 0.18364575867622646 
0.18364575867622646 0.18364575867622646 0.22453136198566015 0.22453136198566015 0.18364575867622646 
0.019047001861449187 0.023433472460916763 0.8983830920478202 0.03570296116889718 0.023433472460916763 
0.17126424110108873 0.17126424110108873 0.3149430355956448 0.17126424110108873 0.17126424110108873 
0.2 0.2 0.2 0.2 0.2 
0.18188812442370433 0.18188812442370433 0.27244750230518255 0.18188812442370433 0.18188812442370433 
0.049268895037652326 0.32489645743243756 0.09060207352007905 0.21033611657739346 0.32489645743243756 
0.19147430099047413 0.19147430099047413 0.23410279603810327 0.19147430099047413 0.19147430099047413 
0.13038411357022106 0.13038411357022106 0.1594119178805977 0.44943574140873904 0.13038411357022106 
0.2 0.2 0.2 0.2 0.2 
0.30337560614524467 0.16497393840375685 0.20170257864348454 0.16497393840375685 0.16497393840375685 
0.15968239858692226 0.15968239858692226 0.3612704056523108 0.15968239858692226 0.15968239858692226 
0.17126424110108873 0.17126424110108873 0.3149430355956448 0.17126424110108873 0.17126424110108873 
0.17126424110108873 0.17126424110108873 0.3149430355956448 0.17126424110108873 0.17126424110108873 
0.3978113247766285 0.14260975970711393 0.1743593961020298 0.14260975970711393 0.14260975970711393 
0.6728086840532764 0.08179782898668078 0.08179782898668078 0.08179782898668078 0.08179782898668078 
1.0 1.000000000000041E-20 4.2691462111471874E-20 2.2624309808051252E-20 1.000000000000041E-20 
1.838930494602052E-40 8.673617379884711E-39 2.419514083456802E-38 1.0 8.673617379884711E-39 
0.08979501377415947 0.1104745512029006 0.6295546901159419 0.05970119370409732 0.1104745512029006 
0.07289929096813871 0.20335328784559706 0.1340567291961671 0.3863374041444998 0.20335328784559706 
0.1827682006945635 0.22584769895815465 0.1827682006945635 0.1827682006945635 0.22584769895815465 
1.8280792200315767E-25 0.5 2.6308916234867037E-23 2.0391688401283794E-23 0.5 
1.1877551539186766E-13 5.182882834912605E-12 0.9999999999780402 1.1474968447753029E-11 5.182882834912605E-12 
1.9598195813890133E-4 0.004277124432571709 0.9843241188765484 0.006925650300169362 0.004277124432571709 
0.01877943556730176 0.33383471710969265 0.20852023008876788 0.10503090012454534 0.33383471710969265 
0.07591997937474179 0.09320579389125339 0.5212876816311973 0.21638075121155387 0.09320579389125339 
0.08428176173738787 0.23510480180400922 0.29052033285693935 0.1549883017976542 0.23510480180400922 
7.867134720008318E-4 0.05858632754273284 0.8777205900072461 0.004320041435287384 0.05858632754273284 
0.19147430099047413 0.19147430099047413 0.23410279603810327 0.19147430099047413 0.19147430099047413 
0.08179782898668078 0.08179782898668078 0.6728086840532765 0.08179782898668078 0.08179782898668078 
0.19455677292453688 0.15912933433150755 0.19455677292453688 0.292627785487911 0.15912933433150755 
0.2 0.2 0.2 0.2 0.2 
0.2 0.2 0.2 0.2 0.2 
0.17480934314738605 0.17480934314738605 0.2137276688970563 0.26184430166078543 0.17480934314738605 
0.19147430099047413 0.19147430099047413 0.23410279603810327 0.19147430099047413 0.19147430099047413 
0.033005488954387784 0.033005488954387784 0.049438428465164566 0.8515451046716722 0.033005488954387784 
0.18188812442370433 0.18188812442370433 0.27244750230518255 0.18188812442370433 0.18188812442370433 
0.12093146915844531 0.12093146915844531 0.5162741233662188 0.12093146915844531 0.12093146915844531 
0.3149430355956448 0.17126424110108873 0.17126424110108873 0.17126424110108873 0.17126424110108873 
0.16497393840375685 0.16497393840375685 0.20170257864348456 0.30337560614524467 0.16497393840375685 
0.27244750230518255 0.18188812442370433 0.18188812442370433 0.18188812442370433 0.18188812442370433 
0.5453937569965709 0.042302263425481997 0.14581645420827996 0.2241852619441855 0.042302263425481997 
0.14974854996483358 0.14974854996483358 0.27537717505274945 0.27537717505274945 0.14974854996483358 
0.19147430099047413 0.19147430099047413 0.23410279603810327 0.19147430099047413 0.19147430099047413 
0.2 0.2 0.2 0.2 0.2 
0.14260975970711393 0.14260975970711393 0.1743593961020298 0.3978113247766285 0.14260975970711393 
0.1578079704226164 0.1578079704226164 0.2901978891013846 0.236378199630766 0.1578079704226164 
0.16497393840375685 0.16497393840375685 0.20170257864348456 0.30337560614524467 0.16497393840375685 
0.0956002278486665 0.2755098090497986 0.2755098090497986 0.07787034500193768 0.2755098090497986 
0.03484012625371955 0.07882338101157403 0.3583270442867305 0.44918606743640155 0.07882338101157403 
0.14728603785505995 0.14728603785505995 0.4108558485797606 0.14728603785505995 0.14728603785505995 
0.12093146915844531 0.12093146915844531 0.5162741233662188 0.12093146915844531 0.12093146915844531 
0.14646832750049946 0.14646832750049946 0.4423329079790662 0.11826210951943532 0.14646832750049946 
0.20572133881923121 0.1682609102320395 0.20572133881923121 0.2520355018974585 0.1682609102320395 
0.04169775951859014 0.34297505272714246 0.09433830296501629 0.17801383206210847 0.34297505272714246 
0.17480934314738608 0.17480934314738608 0.26184430166078543 0.21372766889705624 0.17480934314738608 
0.027872116602995104 0.27118588040617503 0.08417351791289068 0.3455826046717643 0.27118588040617503 
