0.16852798958649273 0.16852798958649273 0.13755920648176087 0.13755920648176087 0.38782560786349257 
0.19147430099047413 0.23410279603810327 0.19147430099047413 0.19147430099047413 0.19147430099047413 
0.20763086935860398 0.20763086935860398 0.20763086935860398 0.20763086935860398 0.16947652256558413 
0.22085919299300535 0.14744735787752716 0.18027400319000136 0.18027400319000136 0.271145442749465 
0.23410279603810327 0.19147430099047413 0.19147430099047413 0.19147430099047413 0.19147430099047413 
0.2690579447148641 0.1463121882554405 0.21915883938712738 0.21915883938712738 0.1463121882554405 
0.19147430099047413 0.19147430099047413 0.19147430099047413 0.19147430099047413 0.23410279603810327 
0.19147430099047413 0.19147430099047413 0.19147430099047413 0.19147430099047413 0.23410279603810327 
0.119982004385865 0.119982004385865 0.119982004385865 0.119982004385865 0.52007198245654 
0.19138277710975451 0.19138277710975451 0.19138277710975451 0.19138277710975451 0.2344688915609822 
0.24293505077651895 0.1621853765171327 0.19829319090211614 0.19829319090211614 0.19829319090211614 
0.17480934314738605 0.26184430166078543 0.17480934314738605 0.17480934314738605 0.2137276688970563 
0.18188812442370433 0.18188812442370433 0.18188812442370433 0.18188812442370433 0.27244750230518255 
0.20763086935860398 0.20763086935860398 0.20763086935860398 0.20763086935860398 0.16947652256558413 
0.22085919299300535 0.14744735787752716 0.18027400319000136 0.18027400319000136 0.271145442749465 
0.23410279603810327 0.19147430099047413 0.19147430099047413 0.19147430099047413 0.19147430099047413 
0.2690579447148641 0.1463121882554405 0.21915883938712738 0.21915883938712738 0.1463121882554405 
0.19147430099047413 0.19147430099047413 0.19147430099047413 0.19147430099047413 0.23410279603810327 
0.19147430099047413 0.19147430099047413 0.19147430099047413 0.19147430099047413 0.23410279603810327 
0.119982004385865 0.119982004385865 0.119982004385865 0.119982004385865 0.52007198245654 
0.2 0.2 0.2 0.2 0.2 
0.21571185274517785 0.17643222088223307 0.21571185274517785 0.21571185274517785 0.17643222088223307 
0.2075590111955787 0.2075590111955787 0.2075590111955787 0.2075590111955787 0.16976395521768498 
0.1372232489402939 0.20554465306869155 0.1372232489402939 0.1372232489402939 0.3827856001104269 
0.2 0.2 0.2 0.2 0.2 
0.18147447054584712 0.18147447054584712 0.18147447054584712 0.18147447054584712 0.2741021178166118 
0.2 0.2 0.2 0.2 0.2 
0.2690579447148641 0.1463121882554405 0.21915883938712738 0.21915883938712738 0.1463121882554405 
0.2 0.2 0.2 0.2 0.2 
0.2 0.2 0.2 0.2 0.2 
0.2 0.2 0.2 0.2 0.2 
0.2253116599973932 0.2253116599973932 0.2253116599973932 0.2253116599973932 0.09875336001042703 
0.2 0.2 0.2 0.2 0.2 
0.20785484900094395 0.20785484900094395 0.20785484900094395 0.20785484900094395 0.16858060399622404 
5.5589766986599564E-12 1.056113058319826E-11 5.5589766986599564E-12 5.5589766986599564E-12 0.999999999972762 
0.0020820748332519095 0.0020820748332519095 0.0020820748332519095 0.0020820748332519095 0.9916717006669924 
0.6959191960833979 0.009809676012656187 0.13000902568597636 0.13000902568597636 0.03425307653199302 
9.061142291641841E-5 3.415049232535584E-5 0.4999376190423791 0.4999376190423791 2.1496027196522582E-18 
0.007799778982608197 0.7116138018227205 0.007799778982608197 0.007799778982608197 0.2649868612294554 
0.013860839398426934 0.032766781932590264 0.013860839398426934 0.013860839398426934 0.9256506998721289 
0.0452762081333364 0.08431783674397896 0.0452762081333364 0.0452762081333364 0.779853538856012 
0.10401643386852905 0.1989899696504407 0.10401643386852905 0.10401643386852905 0.48896072874397223 
0.1614200803550791 0.08496537925752673 0.13003346489703652 0.13003346489703652 0.4935476105933208 
0.17480934314738605 0.2137276688970563 0.17480934314738605 0.17480934314738605 0.26184430166078543 
0.03583037541236295 0.08318156226387385 0.03583037541236295 0.03583037541236295 0.8093273114990372 
0.2 0.2 0.2 0.2 0.2 
0.2 0.2 0.2 0.2 0.2 
0.2 0.2 0.2 0.2 0.2 
0.2 0.2 0.2 0.2 0.2 
0.2075590111955787 0.2075590111955787 0.2075590111955787 0.2075590111955787 0.16976395521768498 
0.19147430099047413 0.19147430099047413 0.19147430099047413 0.19147430099047413 0.23410279603810327 
0.2 0.2 0.2 0.2 0.2 
0.04830752789392865 0.04830752789392865 0.04830752789392865 0.04830752789392865 0.8067698884242852 
0.18168360351104154 0.18168360351104154 0.18168360351104154 0.18168360351104154 0.27326558595583417 
0.22324406902635005 0.18184154019211066 0.22324406902635005 0.22324406902635005 0.1484262527288394 
0.15968239858692226 0.15968239858692226 0.15968239858692226 0.15968239858692226 0.3612704056523108 
0.1709267891246451 0.1709267891246451 0.1709267891246451 0.1709267891246451 0.31629284350141945 
0.2 0.2 0.2 0.2 0.2 
0.14623848628962566 0.0976299792243521 0.11936563285691189 0.11936563285691189 0.5174002687721986 
0.18147447054584712 0.18147447054584712 0.18147447054584712 0.18147447054584712 0.2741021178166118 
0.22302275006234462 0.18203998398860094 0.22302275006234462 0.22302275006234462 0.14889176582436528 
0.2 0.2 0.2 0.2 0.2 
0.15871204180355789 0.15871204180355789 0.19444297486455384 0.19444297486455384 0.29368996666377695 
0.1705815417221575 0.1705815417221575 0.1705815417221575 0.1705815417221575 0.31767383311136965 
0.22346965006918665 0.18163875831651588 0.22346965006918665 0.22346965006918665 0.14795229147592406 
0.22530462668355467 0.18313024887763005 0.18313024887763005 0.18313024887763005 0.22530462668355467 
0.13512576836293386 0.11006553475719906 0.13512576836293386 0.13512576836293386 0.484557160153999 
0.2 0.2 0.2 0.2 0.2 
0.2075590111955787 0.2075590111955787 0.2075590111955787 0.2075590111955787 0.16976395521768498 
0.11406369730399138 0.1708543069132711 0.11406369730399138 0.11406369730399138 0.48695460117475475 
0.2075590111955787 0.16976395521768495 0.2075590111955787 0.2075590111955787 0.2075590111955787 
0.13654841306466758 0.20537891910090833 0.13654841306466758 0.13654841306466758 0.38497584170508864 
0.19138277710975451 0.19138277710975451 0.19138277710975451 0.19138277710975451 0.2344688915609822 
0.02077086003320434 0.03843560401220306 0.02077086003320434 0.02077086003320434 0.899251815888184 
