0.22089922098479284 0.06243515832728807 0.22089922098479284 0.22089922098479284 0.27486717871833377 
0.10959055383680151 0.10959055383680151 0.20152941137080593 0.20152941137080593 0.3777600695847852 
0.1490824656421867 0.3372887889636851 0.18227313987597063 0.18227313987597063 0.1490824656421867 
0.34579042700587204 0.12132503440937845 0.22594348921979357 0.22594348921979357 0.08099756014516232 
0.24464301006137035 0.13303548490794434 0.24464301006137035 0.24464301006137035 0.13303548490794434 
0.7436120488485483 0.05767662789171135 0.07051734768401444 0.07051734768401444 0.05767662789171135 
0.18364575867622646 0.18364575867622646 0.22453136198566015 0.22453136198566015 0.18364575867622646 
0.18364575867622646 0.18364575867622646 0.22453136198566015 0.22453136198566015 0.18364575867622646 
0.08762211362443192 0.03107899059794435 0.4118942645740146 0.4118942645740146 0.05751036662959445 
0.18364575867622646 0.18364575867622646 0.22453136198566015 0.22453136198566015 0.18364575867622646 
0.5916125861516166 0.0719262790379886 0.132267427886203 0.132267427886203 0.0719262790379886 
0.02908675314765347 0.02908675314765347 0.37500909628572215 0.37500909628572215 0.1918083011332485 
0.14491716155955217 0.17718050171487273 0.2664925875830114 0.2664925875830114 0.14491716155955217 
0.1490824656421867 0.3372887889636851 0.18227313987597063 0.18227313987597063 0.1490824656421867 
0.34579042700587204 0.12132503440937845 0.22594348921979357 0.22594348921979357 0.08099756014516232 
0.24464301006137035 0.13303548490794434 0.24464301006137035 0.24464301006137035 0.13303548490794434 
0.7436120488485483 0.05767662789171135 0.07051734768401444 0.07051734768401444 0.05767662789171135 
0.18364575867622646 0.18364575867622646 0.22453136198566015 0.22453136198566015 0.18364575867622646 
0.18364575867622646 0.18364575867622646 0.22453136198566015 0.22453136198566015 0.18364575867622646 
0.08762211362443192 0.03107899059794435 0.4118942645740146 0.4118942645740146 0.05751036662959445 
0.18364575867622646 0.18364575867622646 0.22453136198566015 0.22453136198566015 0.18364575867622646 
0.46287189623337455 0.13428202594165645 0.13428202594165645 0.13428202594165645 0.13428202594165645 
0.2520355018974585 0.16826091023203954 0.20572133881923121 0.20572133881923121 0.16826091023203954 
0.05836810422185336 0.05836810422185336 0.24918197099055936 0.24918197099055936 0.3848998495751749 
0.18364575867622646 0.18364575867622646 0.22453136198566015 0.22453136198566015 0.18364575867622646 
0.21571185274517785 0.17643222088223307 0.21571185274517785 0.21571185274517785 0.17643222088223307 
0.2 0.2 0.2 0.2 0.2 
0.264826153732024 0.6788660306680611 0.01998214165579476 0.01998214165579476 0.01634353228832514 
0.18364575867622646 0.18364575867622646 0.22453136198566015 0.22453136198566015 0.18364575867622646 
0.16678424679364126 0.16678424679364126 0.2498236298095381 0.2498236298095381 0.16678424679364126 
0.19661526726734233 0.1608129911354928 0.24087937523083602 0.24087937523083602 0.1608129911354928 
0.19138277710975451 0.2344688915609822 0.19138277710975451 0.19138277710975451 0.19138277710975451 
4.2616555041922906E-10 0.9999999982953378 4.2616555041922906E-10 4.2616555041922906E-10 4.2616555041922906E-10 
3.002139643474397E-4 0.9982885054102089 5.555333305479766E-4 5.555333305479766E-4 3.002139643474397E-4 
0.007410029867831244 0.002122144916811668 0.419959184748437 0.419959184748437 0.15054945571848313 
0.10192038817412759 0.05507846622164538 0.3705403787150496 0.3705403787150496 0.10192038817412759 
1.0 6.727499949325852E-20 1.5220504308719135E-19 1.5220504308719135E-19 1.5220504308719135E-19 
0.4342200703040433 0.06323951235223094 0.07763817907524893 0.07763817907524893 0.3472640591932276 
2.26243098080101E-20 9.99999999998222E-21 9.094947017712963E-13 9.094947017712963E-13 0.999999999998181 
1.5121515394227551E-9 1.229094545599905E-9 0.49999995053459867 0.49999995053459867 9.618955662490493E-8 
0.0148613900679773 0.012130453997480839 0.3243360519781806 0.3243360519781806 0.3243360519781806 
0.022854679499903004 0.0151951827893301 0.320650045903589 0.320650045903589 0.320650045903589 
0.832003323093017 0.015035627111379788 0.06517317692197026 0.06517317692197026 0.02261469595166256 
0.08559052726067354 0.08559052726067354 0.2950316646993059 0.2950316646993059 0.2387556160800412 
7.082871859866323E-4 4.709124561756732E-4 0.4827066365936271 0.4827066365936271 0.03340752717058354 
0.18364575867622646 0.18364575867622646 0.22453136198566015 0.22453136198566015 0.18364575867622646 
0.08666793693560952 0.08666793693560952 0.3699980945965857 0.3699980945965857 0.08666793693560952 
0.17126424110108873 0.3149430355956448 0.17126424110108873 0.17126424110108873 0.17126424110108873 
0.2 0.2 0.2 0.2 0.2 
0.2 0.2 0.2 0.2 0.2 
0.18364575867622646 0.18364575867622646 0.22453136198566015 0.22453136198566015 0.18364575867622646 
0.18364575867622646 0.18364575867622646 0.22453136198566015 0.22453136198566015 0.18364575867622646 
0.18364575867622646 0.18364575867622646 0.22453136198566015 0.22453136198566015 0.18364575867622646 
0.18364575867622646 0.18364575867622646 0.22453136198566015 0.22453136198566015 0.18364575867622646 
0.4607862681092457 0.10793405644109895 0.1616728095042782 0.1616728095042782 0.10793405644109895 
0.021960024694512637 0.9121599012219493 0.021960024694512637 0.021960024694512637 0.021960024694512637 
0.21571185274517785 0.17643222088223307 0.21571185274517785 0.21571185274517785 0.17643222088223307 
0.19147430099047413 0.23410279603810327 0.19147430099047413 0.19147430099047413 0.19147430099047413 
0.3747672576344977 0.15999025363638286 0.19726320361242708 0.19726320361242708 0.07071608150426507 
0.18364575867622646 0.18364575867622646 0.22453136198566015 0.22453136198566015 0.18364575867622646 
0.38556962924323324 0.13822128419198018 0.16899390118640314 0.16899390118640314 0.13822128419198018 
0.2 0.2 0.2 0.2 0.2 
0.18364575867622646 0.18364575867622646 0.22453136198566015 0.22453136198566015 0.18364575867622646 
0.19661526726734233 0.1608129911354928 0.24087937523083602 0.24087937523083602 0.1608129911354928 
0.5698741772005067 0.10753145569987334 0.10753145569987334 0.10753145569987334 0.10753145569987334 
0.6238433972060824 0.023332292495037363 0.1258442734272561 0.1258442734272561 0.10113576344436777 
0.29594229945477424 0.06932119089340398 0.2389510498741423 0.2389510498741423 0.15683440990353686 
0.1328928032303776 0.1328928032303776 0.3006607951544335 0.3006607951544335 0.1328928032303776 
0.11656343528070397 0.11656343528070397 0.3251548470789442 0.3251548470789442 0.11656343528070397 
0.03071952150790177 0.04601431200280963 0.3960600188177902 0.3960600188177902 0.13114612885370822 
0.3091114288746584 0.3091114288746584 0.13548252327176427 0.13548252327176427 0.11081209570715451 
0.052100805417241706 0.052100805417241706 0.2761136583280653 0.2761136583280653 0.34357107250938645 
0.18364575867622646 0.18364575867622646 0.22453136198566015 0.22453136198566015 0.18364575867622646 
0.0352626495032707 0.0352626495032707 0.258117839523021 0.258117839523021 0.4132390219474172 
