0.12196049548727568 0.1507072738305779 0.2883124784257842 0.2883124784257842 0.1507072738305779 
0.11361502700103475 0.13890947952440888 0.31693023323676084 0.31693023323676084 0.11361502700103475 
0.2407447994045189 0.12927290435538435 0.08630362147958849 0.08630362147958849 0.4573750532809198 
0.1661000250275572 0.3113488824566386 0.13529534965336107 0.13529534965336107 0.25196039320908187 
0.1490824656421867 0.3372887889636851 0.18227313987597063 0.18227313987597063 0.1490824656421867 
0.17126424110108873 0.3149430355956448 0.17126424110108873 0.17126424110108873 0.17126424110108873 
0.22453136198566015 0.22453136198566015 0.18364575867622646 0.18364575867622646 0.18364575867622646 
0.22453136198566015 0.22453136198566015 0.18364575867622646 0.18364575867622646 0.18364575867622646 
0.03348505806033926 0.8121248218544638 0.06361603761470454 0.06361603761470454 0.027158044855787725 
0.22453136198566015 0.22453136198566015 0.18364575867622646 0.18364575867622646 0.18364575867622646 
0.18789995867687906 0.28261544419331086 0.18789995867687906 0.18789995867687906 0.1536846797760521 
0.03428868154658992 0.226111650281632 0.352655493312594 0.352655493312594 0.03428868154658992 
0.18600153698336114 0.2821493879248124 0.1515059553907434 0.1515059553907434 0.22883716431033943 
0.2407447994045189 0.12927290435538435 0.08630362147958849 0.08630362147958849 0.4573750532809198 
0.1661000250275572 0.3113488824566386 0.13529534965336107 0.13529534965336107 0.25196039320908187 
0.1490824656421867 0.3372887889636851 0.18227313987597063 0.18227313987597063 0.1490824656421867 
0.17126424110108873 0.3149430355956448 0.17126424110108873 0.17126424110108873 0.17126424110108873 
0.22453136198566015 0.22453136198566015 0.18364575867622646 0.18364575867622646 0.18364575867622646 
0.22453136198566015 0.22453136198566015 0.18364575867622646 0.18364575867622646 0.18364575867622646 
0.03348505806033926 0.8121248218544638 0.06361603761470454 0.06361603761470454 0.027158044855787725 
0.15912933433150755 0.292627785487911 0.19455677292453685 0.19455677292453685 0.15912933433150755 
0.2 0.2 0.2 0.2 0.2 
0.18188812442370433 0.27244750230518255 0.18188812442370433 0.18188812442370433 0.18188812442370433 
0.10165903491320395 0.10165903491320395 0.3645464063466573 0.3645464063466573 0.06758911748027732 
0.19147430099047413 0.23410279603810327 0.19147430099047413 0.19147430099047413 0.19147430099047413 
0.2803483382118881 0.22835533249813364 0.1524518403685391 0.1524518403685391 0.1863926485529 
0.2 0.2 0.2 0.2 0.2 
0.19147430099047413 0.23410279603810327 0.19147430099047413 0.19147430099047413 0.19147430099047413 
0.14728603785505995 0.41085584857976054 0.14728603785505995 0.14728603785505995 0.14728603785505995 
0.16826091023203954 0.2520355018974585 0.20572133881923121 0.20572133881923121 0.16826091023203954 
0.16826091023203954 0.2520355018974585 0.20572133881923121 0.20572133881923121 0.16826091023203954 
0.23422663694137164 0.155728132720886 0.12737112013147503 0.12737112013147503 0.3553029900747922 
0.2 0.2 0.2 0.2 0.2 
1.6391427253854548E-11 6.551035820686767E-18 2.846725110937075E-18 2.846725110937075E-18 0.9999999999836087 
0.9991624040890653 2.6376981989460074E-4 2.6376981989460074E-4 2.6376981989460074E-4 4.628645125073944E-5 
0.06759408129600183 0.46411975109817166 0.19265097552370702 0.19265097552370702 0.08298421655841236 
0.20750509548503146 0.16866258069756673 0.25584758428041793 0.25584758428041793 0.11213715525656565 
0.25488430087812897 0.2067238248119734 0.11171495130751385 0.11171495130751385 0.3149619716948696 
5.242879999999635E-15 9.173351873493925E-14 0.49999999999995104 0.49999999999995104 1.1721560165358747E-15 
1.4483102832064388E-9 0.9999962407398263 1.87872662647897E-6 1.87872662647897E-6 3.586107703866295E-10 
5.274034672650162E-5 0.999400079180182 2.66336888571286E-4 2.66336888571286E-4 1.4506695948882865E-5 
0.04597529582934628 0.21989455654704781 0.35204467714041365 0.35204467714041365 0.03004079334277906 
0.151334654899602 0.4462315856342903 0.151334654899602 0.151334654899602 0.09976444966690336 
0.11666748906203028 0.2684814550651693 0.2684814550651693 0.2684814550651693 0.07788814574246183 
0.0022324831151660403 0.4620567576643516 0.26712273965705585 0.26712273965705585 0.0014652799063703294 
0.19147430099047413 0.23410279603810327 0.19147430099047413 0.19147430099047413 0.19147430099047413 
0.0910957095585813 0.48277122441349074 0.16751867823467312 0.16751867823467312 0.0910957095585813 
0.26184430166078543 0.2137276688970563 0.17480934314738608 0.17480934314738608 0.17480934314738608 
0.2 0.2 0.2 0.2 0.2 
0.2 0.2 0.2 0.2 0.2 
0.22453136198566015 0.22453136198566015 0.18364575867622646 0.18364575867622646 0.18364575867622646 
0.19147430099047413 0.23410279603810327 0.19147430099047413 0.19147430099047413 0.19147430099047413 
0.43965664993193176 0.15425921024817119 0.125912464785863 0.125912464785863 0.15425921024817119 
0.16826091023203954 0.2520355018974585 0.20572133881923121 0.20572133881923121 0.16826091023203954 
0.10261809144750293 0.5438352903242709 0.12546426339036157 0.12546426339036157 0.10261809144750293 
0.2 0.2 0.2 0.2 0.2 
0.22453136198566015 0.22453136198566015 0.18364575867622646 0.18364575867622646 0.18364575867622646 
0.2137276688970563 0.17480934314738605 0.17480934314738605 0.17480934314738605 0.26184430166078543 
0.31231265962834825 0.10467251269606066 0.04548500091784241 0.04548500091784241 0.49204482583990644 
0.236378199630766 0.2901978891013846 0.1578079704226164 0.1578079704226164 0.1578079704226164 
0.19147430099047413 0.23410279603810327 0.19147430099047413 0.19147430099047413 0.19147430099047413 
0.2 0.2 0.2 0.2 0.2 
0.2520355018974585 0.20572133881923121 0.16826091023203954 0.16826091023203954 0.20572133881923121 
0.19829319090211614 0.24293505077651895 0.19829319090211614 0.19829319090211614 0.1621853765171327 
0.26184430166078543 0.2137276688970563 0.17480934314738608 0.17480934314738608 0.17480934314738608 
0.08529673760621936 0.19801957999158867 0.30587167381619845 0.30587167381619845 0.10494033476979495 
0.12896807565608123 0.606253472765755 0.10436795789125869 0.10436795789125869 0.05604253579564635 
0.12844753312066143 0.3583056546758295 0.19239963954142386 0.19239963954142386 0.12844753312066143 
0.11844435441565516 0.4082792357506779 0.17741602770900594 0.17741602770900594 0.11844435441565516 
0.142531686226325 0.27461243900252935 0.22016209427241043 0.22016209427241043 0.142531686226325 
0.22453136198566015 0.22453136198566015 0.18364575867622646 0.18364575867622646 0.18364575867622646 
0.10165903491320395 0.10165903491320395 0.3645464063466573 0.3645464063466573 0.06758911748027732 
0.19829319090211614 0.24293505077651895 0.19829319090211614 0.19829319090211614 0.1621853765171327 
0.12756190920800237 0.160320626490559 0.3234362793397897 0.3234362793397897 0.06524490562185918 
