0.11840809253035109 0.09644829540527494 0.2219519670573842 0.2219519670573842 0.34123967794960564 
0.19945133085666558 0.16280005992887628 0.13315529845707297 0.13315529845707297 0.3714380123003122 
0.2137276688970563 0.26184430166078543 0.17480934314738608 0.17480934314738608 0.17480934314738608 
0.05141248956673958 0.05141248956673958 0.42288126564989065 0.42288126564989065 0.05141248956673958 
0.2 0.2 0.2 0.2 0.2 
0.2 0.2 0.2 0.2 0.2 
0.2 0.2 0.2 0.2 0.2 
0.2 0.2 0.2 0.2 0.2 
0.049192630521309184 0.049192630521309184 0.41381269097073864 0.41381269097073864 0.07398935701590409 
0.22453136198566015 0.22453136198566015 0.18364575867622646 0.18364575867622646 0.18364575867622646 
0.2 0.2 0.2 0.2 0.2 
0.14933316062287058 0.12163804417224411 0.14933316062287058 0.14933316062287058 0.4303624739591439 
0.16678424679364126 0.16678424679364126 0.2498236298095381 0.2498236298095381 0.16678424679364126 
0.2137276688970563 0.26184430166078543 0.17480934314738608 0.17480934314738608 0.17480934314738608 
0.05141248956673958 0.05141248956673958 0.42288126564989065 0.42288126564989065 0.05141248956673958 
0.2 0.2 0.2 0.2 0.2 
0.2 0.2 0.2 0.2 0.2 
0.2 0.2 0.2 0.2 0.2 
0.2 0.2 0.2 0.2 0.2 
0.049192630521309184 0.049192630521309184 0.41381269097073864 0.41381269097073864 0.07398935701590409 
0.2 0.2 0.2 0.2 0.2 
0.2 0.2 0.2 0.2 0.2 
0.22453136198566015 0.22453136198566015 0.18364575867622646 0.18364575867622646 0.18364575867622646 
0.1659432063700853 0.13516761436198305 0.11032914959282997 0.11032914959282997 0.4782308800822718 
0.17164273380881 0.17164273380881 0.258163374806 0.258163374806 0.14038778277038017 
0.19829319090211614 0.24293505077651895 0.19829319090211614 0.19829319090211614 0.1621853765171327 
0.2 0.2 0.2 0.2 0.2 
0.2 0.2 0.2 0.2 0.2 
0.2 0.2 0.2 0.2 0.2 
0.2 0.2 0.2 0.2 0.2 
0.18364575867622646 0.18364575867622646 0.22453136198566015 0.22453136198566015 0.18364575867622646 
0.20949529534559655 0.258301441258583 0.20949529534559655 0.20949529534559655 0.11321267270462695 
0.2 0.2 0.2 0.2 0.2 
0.22732437164102343 0.28028415975267096 0.184771921319848 0.184771921319848 0.1228476259666093 
0.09451368101050084 0.06089593734595281 0.11818020358460977 0.11818020358460977 0.6082299744743269 
7.489425248856098E-21 7.489425248856098E-21 0.5 0.5 1.1312154904025626E-20 
0.11885551373653183 0.11885551373653183 0.27117591843956873 0.27117591843956873 0.2199371356477985 
1.0779536991636972E-4 0.9998922046298182 5.6299389795529726E-15 5.6299389795529726E-15 2.5428738987628364E-13 
4.710979547460756E-12 2.5431480383343637E-13 1.2957312917761592E-14 1.2957312917761592E-14 0.9999999999950089 
0.0530679302761693 0.03402549377315121 0.16867338535930282 0.16867338535930282 0.5755598052320737 
0.12420592621364046 0.08115759766249869 0.1002869022914895 0.1002869022914895 0.5940626715408818 
0.04772363162424892 0.03835348075211516 0.38307541743441065 0.38307541743441065 0.1477720527548147 
0.0019448936659658533 0.0019448936659658533 0.4974140395328627 0.4974140395328627 0.0012821336023427863 
0.19945133085666558 0.16280005992887628 0.13315529845707297 0.13315529845707297 0.3714380123003122 
0.0010814577453149578 7.00129586483392E-4 0.49356158220347474 0.49356158220347474 0.011095248261252279 
0.18364575867622646 0.18364575867622646 0.22453136198566015 0.22453136198566015 0.18364575867622646 
0.2 0.2 0.2 0.2 0.2 
0.2137276688970563 0.26184430166078543 0.17480934314738608 0.17480934314738608 0.17480934314738608 
0.2 0.2 0.2 0.2 0.2 
0.22453136198566015 0.22453136198566015 0.18364575867622646 0.18364575867622646 0.18364575867622646 
0.2 0.2 0.2 0.2 0.2 
0.2 0.2 0.2 0.2 0.2 
0.041826837972235596 0.041826837972235596 0.441067931550141 0.441067931550141 0.034210460955246734 
0.041826837972235596 0.041826837972235596 0.441067931550141 0.441067931550141 0.034210460955246734 
0.16525687322312066 0.20246124793788436 0.24855856787208955 0.24855856787208955 0.1351647430948161 
0.018314947383617376 0.018314947383617376 0.472527578924574 0.472527578924574 0.018314947383617376 
0.13548252327176427 0.13548252327176427 0.30911142887465837 0.30911142887465837 0.11081209570715451 
0.2 0.2 0.2 0.2 0.2 
0.08666793693560952 0.08666793693560952 0.3699980945965857 0.3699980945965857 0.08666793693560952 
0.15644051632405573 0.15644051632405573 0.2913390157742328 0.2913390157742328 0.1044409358034228 
0.22453136198566015 0.22453136198566015 0.18364575867622646 0.18364575867622646 0.18364575867622646 
0.2 0.2 0.2 0.2 0.2 
0.2075590111955787 0.2075590111955787 0.2075590111955787 0.2075590111955787 0.16976395521768498 
0.06097500035695442 0.06097500035695442 0.4186713014850093 0.4186713014850093 0.04070739631607248 
0.22835533249813364 0.2803483382118881 0.1524518403685391 0.1524518403685391 0.1863926485529 
0.11154971621358187 0.11154971621358187 0.2589668558576121 0.2589668558576121 0.2589668558576121 
0.19822239763321575 0.16146035253434876 0.19822239763321575 0.19822239763321575 0.24387245456600382 
0.2 0.2 0.2 0.2 0.2 
0.22453136198566015 0.22453136198566015 0.18364575867622646 0.18364575867622646 0.18364575867622646 
0.07738514113679809 0.0631648109870421 0.34068361463087987 0.34068361463087987 0.1780828186144001 
0.2 0.2 0.2 0.2 0.2 
0.15740210756865305 0.12793828319112335 0.12793828319112335 0.12793828319112335 0.4587830428579762 
0.17164273380881 0.17164273380881 0.258163374806 0.258163374806 0.14038778277038017 
0.01683079362761985 0.011095375773848162 0.40820312307266554 0.40820312307266554 0.15566758445320067 
