0.299659691162273 0.06913229628228097 0.1949071640815959 0.1949071640815959 0.24139368439225392 
0.2 0.2 0.2 0.2 0.2 
0.18364575867622646 0.18364575867622646 0.22453136198566015 0.22453136198566015 0.18364575867622646 
0.3047216922978719 0.046209494533013346 0.24489204116561872 0.24489204116561872 0.15928473083787767 
0.27537717505274945 0.14974854996483358 0.14974854996483358 0.14974854996483358 0.27537717505274945 
0.29536305003568253 0.15439276268654692 0.04479030404089593 0.04479030404089593 0.46066357919597856 
0.18188812442370433 0.27244750230518255 0.18188812442370433 0.18188812442370433 0.18188812442370433 
0.18188812442370433 0.27244750230518255 0.18188812442370433 0.18188812442370433 0.18188812442370433 
0.20090566437043078 0.06971304345258098 0.31181610306178487 0.31181610306178487 0.10574908605341846 
0.18364575867622646 0.18364575867622646 0.22453136198566015 0.22453136198566015 0.18364575867622646 
0.2822402536218137 0.1495730205156636 0.06611163911061801 0.06611163911061801 0.43596344764128664 
0.19661526726734233 0.1608129911354928 0.24087937523083602 0.24087937523083602 0.1608129911354928 
0.18203998398860094 0.22302275006234462 0.22302275006234462 0.22302275006234462 0.14889176582436528 
0.18364575867622646 0.18364575867622646 0.22453136198566015 0.22453136198566015 0.18364575867622646 
0.3047216922978719 0.046209494533013346 0.24489204116561872 0.24489204116561872 0.15928473083787767 
0.27537717505274945 0.14974854996483358 0.14974854996483358 0.14974854996483358 0.27537717505274945 
0.29536305003568253 0.15439276268654692 0.04479030404089593 0.04479030404089593 0.46066357919597856 
0.18188812442370433 0.27244750230518255 0.18188812442370433 0.18188812442370433 0.18188812442370433 
0.18188812442370433 0.27244750230518255 0.18188812442370433 0.18188812442370433 0.18188812442370433 
0.20090566437043078 0.06971304345258098 0.31181610306178487 0.31181610306178487 0.10574908605341846 
0.18188812442370433 0.27244750230518255 0.18188812442370433 0.18188812442370433 0.18188812442370433 
0.2809795846085598 0.12419366026740852 0.12419366026740852 0.12419366026740852 0.34643943458921456 
0.2137276688970563 0.17480934314738605 0.17480934314738605 0.17480934314738605 0.26184430166078543 
0.11844435441565516 0.4082792357506779 0.17741602770900594 0.17741602770900594 0.11844435441565516 
0.17718050171487273 0.14491716155955217 0.2664925875830114 0.2664925875830114 0.14491716155955217 
0.17619929143570645 0.21586713904286245 0.21586713904286245 0.21586713904286245 0.17619929143570645 
0.2 0.2 0.2 0.2 0.2 
0.3823897140263191 0.046489662181164425 0.046489662181164425 0.046489662181164425 0.47814129943018724 
0.19147430099047413 0.23410279603810327 0.19147430099047413 0.19147430099047413 0.19147430099047413 
0.2 0.2 0.2 0.2 0.2 
0.2075590111955787 0.16976395521768495 0.2075590111955787 0.2075590111955787 0.2075590111955787 
0.20246124793788436 0.1351647430948161 0.24855856787208955 0.24855856787208955 0.16525687322312063 
0.2 0.2 0.2 0.2 0.2 
0.15355741799319986 0.23096172133786688 0.23096172133786688 0.23096172133786688 0.15355741799319986 
0.0010250028791626592 0.003833793478480298 0.4969358657336682 0.4969358657336682 0.001269472175020508 
9.618955681513373E-8 7.241577936916454E-10 0.4999999515234211 0.4999999515234211 3.944304143692357E-11 
0.0010489721015582794 1.295875052744419E-13 1.9657383422136943E-13 1.9657383422136943E-13 0.998951027897919 
0.006606834839020211 0.022773845930554485 0.00989627913167558 0.00989627913167558 0.9508267609670741 
0.05477080504471431 0.6418529017750377 0.12947722526647595 0.12947722526647595 0.04442184264729585 
0.03214342250039975 0.15373829595062982 0.3985419488938081 0.3985419488938081 0.017034383761354327 
0.00554124429233576 0.9502036940363621 0.019870744348346663 0.019870744348346663 0.00451357297460898 
2.031741137568253E-18 1.0 1.2532542894197281E-17 1.2532542894197281E-17 8.673617379884357E-19 
0.23971179950996901 0.23971179950996901 0.23971179950996901 0.23971179950996901 0.041152801960123976 
0.17643222088223307 0.21571185274517785 0.21571185274517785 0.21571185274517785 0.17643222088223307 
0.009605910403151605 0.14343387726399912 0.4229350278536691 0.4229350278536691 0.0010901566255110621 
0.21571185274517785 0.17643222088223307 0.21571185274517785 0.21571185274517785 0.17643222088223307 
0.2 0.2 0.2 0.2 0.2 
0.16826091023203954 0.2520355018974585 0.20572133881923121 0.20572133881923121 0.16826091023203954 
0.2 0.2 0.2 0.2 0.2 
0.2 0.2 0.2 0.2 0.2 
0.2 0.2 0.2 0.2 0.2 
0.2 0.2 0.2 0.2 0.2 
0.06132492353842391 0.033140402918063847 0.4392144540410301 0.4392144540410301 0.027105765461451995 
0.12089790277601878 0.12089790277601878 0.3523835135850229 0.3523835135850229 0.05343716727791642 
0.12873702528833383 0.6051673505830515 0.06867929942014019 0.06867929942014019 0.12873702528833383 
0.0876171127021711 0.07106182920789203 0.40495577831206286 0.40495577831206286 0.03140950146581101 
0.17131872841359536 0.17131872841359536 0.25876271267562057 0.25876271267562057 0.13983711782156855 
0.2 0.2 0.2 0.2 0.2 
0.24775398013532968 0.057157509217864284 0.24775398013532968 0.24775398013532968 0.1995805503761465 
0.14774273840818877 0.1813814932302838 0.275141152733545 0.275141152733545 0.12059346289443722 
0.2419885298508336 0.19710967986211678 0.1315919935860436 0.1315919935860436 0.2977178031149623 
0.2 0.2 0.2 0.2 0.2 
0.16678424679364126 0.16678424679364126 0.2498236298095381 0.2498236298095381 0.16678424679364126 
0.12992597182424723 0.1988424514085248 0.3071427251821514 0.3071427251821514 0.0569461264029254 
0.27163719001698605 0.11803880043578757 0.09634793461813923 0.09634793461813923 0.4176281403109479 
0.4084246755044131 0.04525393375234867 0.06894835761941266 0.06894835761941266 0.4084246755044131 
0.1807804621929083 0.3458443761937453 0.14629734971021904 0.14629734971021904 0.1807804621929083 
0.19147430099047413 0.23410279603810327 0.19147430099047413 0.19147430099047413 0.19147430099047413 
0.19147430099047413 0.23410279603810327 0.19147430099047413 0.19147430099047413 0.19147430099047413 
0.0698880139095818 0.39087442125369415 0.25061642911715376 0.25061642911715376 0.038004706602416435 
0.2574662066726578 0.2574662066726578 0.11380068999101327 0.11380068999101327 0.2574662066726578 
0.09163895751344935 0.4942608202071898 0.16957404158746625 0.16957404158746625 0.07495213910442809 
0.19661526726734233 0.1608129911354928 0.24087937523083602 0.24087937523083602 0.1608129911354928 
0.050772811628855705 0.1000221879292293 0.4176197461580267 0.4176197461580267 0.013965508125861543 
