0.06424164132977937 0.4236320232418417 0.1453422796022577 0.1453422796022577 0.22144177622386343 
0.2 0.2 0.2 0.2 0.2 
0.24293505077651895 0.1621853765171327 0.19829319090211614 0.19829319090211614 0.19829319090211614 
0.06793835275673143 0.448009441201974 0.12493390863737455 0.12493390863737455 0.2341843887665453 
0.13031640281307824 0.239642807079795 0.19519899151366593 0.19519899151366593 0.239642807079795 
0.053305647583909176 0.3586137414195162 0.15028652538445547 0.15028652538445547 0.2875075602276638 
0.2 0.2 0.2 0.2 0.2 
0.2 0.2 0.2 0.2 0.2 
0.07832708866140264 0.41510258475446776 0.1440380718928401 0.1440380718928401 0.21849418279844904 
0.21571185274517785 0.17643222088223307 0.21571185274517785 0.21571185274517785 0.17643222088223307 
0.07026278486839106 0.3045598880137269 0.1603087195520774 0.1603087195520774 0.3045598880137269 
0.19147430099047413 0.23410279603810327 0.19147430099047413 0.19147430099047413 0.19147430099047413 
0.2 0.2 0.2 0.2 0.2 
0.24293505077651895 0.1621853765171327 0.19829319090211614 0.19829319090211614 0.19829319090211614 
0.06793835275673143 0.448009441201974 0.12493390863737455 0.12493390863737455 0.2341843887665453 
0.13031640281307824 0.239642807079795 0.19519899151366593 0.19519899151366593 0.239642807079795 
0.053305647583909176 0.3586137414195162 0.15028652538445547 0.15028652538445547 0.2875075602276638 
0.2 0.2 0.2 0.2 0.2 
0.2 0.2 0.2 0.2 0.2 
0.07832708866140264 0.41510258475446776 0.1440380718928401 0.1440380718928401 0.21849418279844904 
0.2 0.2 0.2 0.2 0.2 
0.10277701661735116 0.2866974968691327 0.1889997900018535 0.1889997900018535 0.23252590650980884 
0.2 0.2 0.2 0.2 0.2 
0.2 0.2 0.2 0.2 0.2 
0.2075590111955787 0.2075590111955787 0.2075590111955787 0.2075590111955787 0.16976395521768498 
0.20763086935860398 0.16947652256558415 0.20763086935860398 0.20763086935860398 0.20763086935860398 
0.2 0.2 0.2 0.2 0.2 
0.04591735314378404 0.3862607725043706 0.12945644170193651 0.12945644170193651 0.30890899094797225 
0.2 0.2 0.2 0.2 0.2 
0.2 0.2 0.2 0.2 0.2 
0.16976395521768495 0.2075590111955787 0.2075590111955787 0.2075590111955787 0.2075590111955787 
0.32237994221230076 0.11434605693177713 0.21159257525017366 0.21159257525017366 0.14008885035557514 
0.2 0.2 0.2 0.2 0.2 
0.3501143505950672 0.12418327018438251 0.1867808290734646 0.1867808290734646 0.1521407210736211 
0.1603194646415119 0.1981076688936606 0.1981076688936606 0.1981076688936606 0.2453575286775057 
0.0027311476865009804 0.9872098879756105 0.0033529881126294725 0.0033529881126294725 0.0033529881126294725 
4.775035148596629E-13 0.9974518913277486 9.223352507222226E-9 9.223352507222226E-9 0.0025480902250689984 
1.0 9.536743164063007E-27 3.2689951689429004E-19 3.2689951689429004E-19 1.5937429328107097E-23 
0.11595264404123742 0.32345103891999977 0.1736837319908059 0.1736837319908059 0.21322885305715095 
0.19814711401304472 0.24485150909720813 0.19814711401304472 0.19814711401304472 0.1607071488636576 
0.1912892734505546 0.23484290619778161 0.1912892734505546 0.1912892734505546 0.1912892734505546 
0.2215644356530616 0.27440887411502435 0.17930195184197745 0.17930195184197745 0.14542278654795873 
0.013887442513180782 0.750524446243359 0.051942865353994394 0.051942865353994394 0.1317023805354715 
0.2 0.2 0.2 0.2 0.2 
0.11802401818791974 0.527903927248321 0.11802401818791974 0.11802401818791974 0.11802401818791974 
0.2 0.2 0.2 0.2 0.2 
0.2 0.2 0.2 0.2 0.2 
0.24293505077651895 0.1621853765171327 0.19829319090211614 0.19829319090211614 0.19829319090211614 
0.2 0.2 0.2 0.2 0.2 
0.21571185274517785 0.17643222088223307 0.21571185274517785 0.21571185274517785 0.17643222088223307 
0.2 0.2 0.2 0.2 0.2 
0.2 0.2 0.2 0.2 0.2 
0.2138395576792909 0.26252754417217034 0.17454429938284638 0.17454429938284638 0.17454429938284638 
0.18789995867687906 0.28261544419331086 0.18789995867687906 0.18789995867687906 0.1536846797760521 
0.10902505772351642 0.31073406612312754 0.16467329606863026 0.16467329606863026 0.2508942840160954 
0.15968239858692226 0.3612704056523108 0.15968239858692226 0.15968239858692226 0.15968239858692226 
0.19138277710975451 0.2344688915609822 0.19138277710975451 0.19138277710975451 0.19138277710975451 
0.2 0.2 0.2 0.2 0.2 
0.07006982037376776 0.3713423292951408 0.15852813243305583 0.15852813243305583 0.24153158546497996 
0.2344688915609822 0.19138277710975451 0.19138277710975451 0.19138277710975451 0.19138277710975451 
0.1544114605683296 0.23322568860308432 0.18956858111275077 0.18956858111275077 0.23322568860308432 
0.2 0.2 0.2 0.2 0.2 
0.24293505077651895 0.1621853765171327 0.19829319090211614 0.19829319090211614 0.19829319090211614 
0.18147447054584712 0.27410211781661176 0.18147447054584712 0.18147447054584712 0.18147447054584712 
0.12785888715666924 0.241266269909432 0.19480428651223314 0.19480428651223314 0.241266269909432 
0.029491743736433432 0.5079763007573537 0.10434350438755834 0.10434350438755834 0.25384494673109625 
0.11596433846973127 0.2668633273788006 0.17515450338633407 0.17515450338633407 0.2668633273788006 
0.2 0.2 0.2 0.2 0.2 
0.24293505077651895 0.1621853765171327 0.19829319090211614 0.19829319090211614 0.19829319090211614 
0.18188812442370433 0.27244750230518255 0.18188812442370433 0.18188812442370433 0.18188812442370433 
0.11736218543683415 0.26552384430727893 0.17579506297430414 0.17579506297430414 0.26552384430727893 
0.2075590111955787 0.2075590111955787 0.2075590111955787 0.2075590111955787 0.16976395521768498 
0.2344688915609822 0.19138277710975451 0.19138277710975451 0.19138277710975451 0.19138277710975451 
0.07780555044109137 0.5130772201725425 0.11654377079492627 0.11654377079492627 0.17602968779651348 
