0.12108892108148575 0.18531797429097682 0.2862520917730259 0.2862520917730259 0.12108892108148575 
0.10107108969013305 0.10107108969013305 0.3483933654648006 0.3483933654648006 0.10107108969013305 
0.28200203466412505 0.18670475931077338 0.12464558568048832 0.12464558568048832 0.28200203466412505 
0.12923806859627637 0.5689631331092355 0.08628036484910592 0.08628036484910592 0.12923806859627637 
0.14728603785505995 0.41085584857976054 0.14728603785505995 0.14728603785505995 0.14728603785505995 
0.18188812442370433 0.27244750230518255 0.18188812442370433 0.18188812442370433 0.18188812442370433 
0.21571185274517785 0.21571185274517785 0.17643222088223307 0.17643222088223307 0.21571185274517785 
0.21571185274517785 0.21571185274517785 0.17643222088223307 0.17643222088223307 0.21571185274517785 
0.022930439422225297 0.9169436710972251 0.018597725029162165 0.018597725029162165 0.022930439422225297 
0.24087937523083602 0.19661526726734233 0.16081299113549283 0.16081299113549283 0.24087937523083602 
0.18227313987597063 0.33728878896368514 0.1490824656421867 0.1490824656421867 0.18227313987597063 
0.03561065311404555 0.45912030038732193 0.23482919669229335 0.23482919669229335 0.03561065311404555 
0.20152941137080593 0.3777600695847852 0.10959055383680151 0.10959055383680151 0.20152941137080593 
0.28200203466412505 0.18670475931077338 0.12464558568048832 0.12464558568048832 0.28200203466412505 
0.12923806859627637 0.5689631331092355 0.08628036484910592 0.08628036484910592 0.12923806859627637 
0.14728603785505995 0.41085584857976054 0.14728603785505995 0.14728603785505995 0.14728603785505995 
0.18188812442370433 0.27244750230518255 0.18188812442370433 0.18188812442370433 0.18188812442370433 
0.21571185274517785 0.21571185274517785 0.17643222088223307 0.17643222088223307 0.21571185274517785 
0.21571185274517785 0.21571185274517785 0.17643222088223307 0.17643222088223307 0.21571185274517785 
0.022930439422225297 0.9169436710972251 0.018597725029162165 0.018597725029162165 0.022930439422225297 
0.17126424110108873 0.3149430355956448 0.17126424110108873 0.17126424110108873 0.17126424110108873 
0.2 0.2 0.2 0.2 0.2 
0.18188812442370433 0.27244750230518255 0.18188812442370433 0.18188812442370433 0.18188812442370433 
0.13605323084796553 0.11034592621836563 0.3216274583576515 0.3216274583576515 0.11034592621836563 
0.19147430099047413 0.23410279603810327 0.19147430099047413 0.19147430099047413 0.19147430099047413 
0.29202096891941826 0.157810104148752 0.12907397900620568 0.12907397900620568 0.29202096891941826 
0.2 0.2 0.2 0.2 0.2 
0.19147430099047413 0.23410279603810327 0.19147430099047413 0.19147430099047413 0.19147430099047413 
0.17126424110108873 0.3149430355956448 0.17126424110108873 0.17126424110108873 0.17126424110108873 
0.17126424110108873 0.3149430355956448 0.17126424110108873 0.17126424110108873 0.17126424110108873 
0.17126424110108873 0.3149430355956448 0.17126424110108873 0.17126424110108873 0.17126424110108873 
0.22478382974577063 0.18347744683615302 0.18347744683615302 0.18347744683615302 0.22478382974577063 
0.2 0.2 0.2 0.2 0.2 
0.16422964176105437 9.319488014656746E-5 2.6689911471813618E-5 2.6689911471813618E-5 0.8356237835358559 
0.9078955344049019 6.715670965202563E-8 1.84720432897685E-8 1.84720432897685E-8 0.09210436149430178 
0.0631370050989393 0.682999583402767 0.09536320319967728 0.09536320319967728 0.0631370050989393 
0.2335722772998583 0.1539780146042872 0.18943871539799786 0.18943871539799786 0.2335722772998583 
0.12940017158771008 0.12940017158771008 0.305899742618435 0.305899742618435 0.12940017158771008 
1.2412268690227916E-20 1.132415198860063E-19 0.5 0.5 9.849975284054122E-21 
3.325256730079759E-17 1.0 7.14184495181182E-17 7.14184495181182E-17 2.5937286748280688E-17 
0.025481285508990804 0.8514304618050149 0.051406811202226836 0.051406811202226836 0.020274630281540803 
0.07858558397713063 0.2433333898951624 0.3074625444571106 0.3074625444571106 0.06315593721348607 
0.17065030180643476 0.5091713980183615 0.09103941269150563 0.09103941269150563 0.1380994747921923 
0.12459737330678922 0.28673012809008797 0.23203756264816666 0.23203756264816666 0.12459737330678922 
0.0016345556550145907 0.9282398421080572 0.03440443527289808 0.03440443527289808 0.0013167316911319115 
0.18188812442370433 0.27244750230518255 0.18188812442370433 0.18188812442370433 0.18188812442370433 
0.07000401417035593 0.7199839433185762 0.07000401417035593 0.07000401417035593 0.07000401417035593 
0.2498236298095381 0.16678424679364126 0.16678424679364126 0.16678424679364126 0.2498236298095381 
0.2 0.2 0.2 0.2 0.2 
0.2 0.2 0.2 0.2 0.2 
0.20572133881923121 0.2520355018974585 0.16826091023203954 0.16826091023203954 0.20572133881923121 
0.19147430099047413 0.23410279603810327 0.19147430099047413 0.19147430099047413 0.19147430099047413 
0.4490385136863385 0.08177343978201258 0.05459260027630675 0.05459260027630675 0.3600028459790353 
0.17126424110108873 0.3149430355956448 0.17126424110108873 0.17126424110108873 0.17126424110108873 
0.14728603785505995 0.41085584857976054 0.14728603785505995 0.14728603785505995 0.14728603785505995 
0.2 0.2 0.2 0.2 0.2 
0.24087937523083602 0.19661526726734233 0.16081299113549283 0.16081299113549283 0.24087937523083602 
0.22453136198566015 0.18364575867622646 0.18364575867622646 0.18364575867622646 0.22453136198566015 
0.36203264806672353 0.18790526745751826 0.04401471820451724 0.04401471820451724 0.36203264806672353 
0.23066901696027353 0.23066901696027353 0.1539964745595897 0.1539964745595897 0.23066901696027353 
0.19147430099047413 0.23410279603810327 0.19147430099047413 0.19147430099047413 0.19147430099047413 
0.2 0.2 0.2 0.2 0.2 
0.2664925875830114 0.17718050171487273 0.14491716155955217 0.14491716155955217 0.2664925875830114 
0.19455677292453688 0.292627785487911 0.15912933433150755 0.15912933433150755 0.19455677292453688 
0.2498236298095381 0.16678424679364126 0.16678424679364126 0.16678424679364126 0.2498236298095381 
0.0939347752875838 0.27071014980827734 0.27071014980827734 0.27071014980827734 0.0939347752875838 
0.25616847334618964 0.3187530731495749 0.10935976446553146 0.10935976446553146 0.20635892457317245 
0.13428202594165645 0.46287189623337455 0.13428202594165645 0.13428202594165645 0.13428202594165645 
0.10753145569987334 0.5698741772005067 0.10753145569987334 0.10753145569987334 0.10753145569987334 
0.10895840088410232 0.5121919404236347 0.13494562890408007 0.13494562890408007 0.10895840088410232 
0.20572133881923121 0.2520355018974585 0.16826091023203954 0.16826091023203954 0.20572133881923121 
0.11483255494402027 0.11483255494402027 0.33859999290381776 0.33859999290381776 0.09313490430432354 
0.20572133881923121 0.2520355018974585 0.16826091023203954 0.16826091023203954 0.20572133881923121 
0.14925500729419677 0.09424199951341611 0.30362399294909526 0.30362399294909526 0.14925500729419677 
