0.1731621350672938 0.07589639464141601 0.32897923838247917 0.32897923838247917 0.09298299352633181 
0.30337560614524467 0.16497393840375685 0.16497393840375685 0.16497393840375685 0.20170257864348454 
0.19661526726734233 0.24087937523083602 0.16081299113549283 0.16081299113549283 0.24087937523083602 
0.050830675756540926 0.06214726079456739 0.41809569384617534 0.41809569384617534 0.050830675756540926 
0.18364575867622646 0.18364575867622646 0.22453136198566015 0.22453136198566015 0.18364575867622646 
0.11361502700103475 0.13890947952440888 0.31693023323676084 0.31693023323676084 0.11361502700103475 
0.2 0.2 0.2 0.2 0.2 
0.2 0.2 0.2 0.2 0.2 
0.0734485006544044 0.0599515694222982 0.4033241802504997 0.4033241802504997 0.0599515694222982 
0.21571185274517785 0.21571185274517785 0.17643222088223307 0.17643222088223307 0.21571185274517785 
0.12907397900620568 0.157810104148752 0.29202096891941826 0.29202096891941826 0.12907397900620568 
0.3367685937304116 0.12072679996167429 0.18083486876930466 0.18083486876930466 0.18083486876930466 
0.18364575867622646 0.18364575867622646 0.22453136198566015 0.22453136198566015 0.18364575867622646 
0.19661526726734233 0.24087937523083602 0.16081299113549283 0.16081299113549283 0.24087937523083602 
0.050830675756540926 0.06214726079456739 0.41809569384617534 0.41809569384617534 0.050830675756540926 
0.18364575867622646 0.18364575867622646 0.22453136198566015 0.22453136198566015 0.18364575867622646 
0.11361502700103475 0.13890947952440888 0.31693023323676084 0.31693023323676084 0.11361502700103475 
0.2 0.2 0.2 0.2 0.2 
0.2 0.2 0.2 0.2 0.2 
0.0734485006544044 0.0599515694222982 0.4033241802504997 0.4033241802504997 0.0599515694222982 
0.2 0.2 0.2 0.2 0.2 
0.1608129911354928 0.19661526726734233 0.24087937523083602 0.24087937523083602 0.1608129911354928 
0.2 0.2 0.2 0.2 0.2 
0.43386497957988945 0.12586693838450025 0.12586693838450025 0.12586693838450025 0.18853420526661 
0.18347744683615302 0.18347744683615302 0.22478382974577063 0.22478382974577063 0.18347744683615302 
0.18347744683615302 0.22478382974577063 0.18347744683615302 0.18347744683615302 0.22478382974577063 
0.2 0.2 0.2 0.2 0.2 
0.1101697147568572 0.16502156867184872 0.3073195009072185 0.3073195009072185 0.1101697147568572 
0.2 0.2 0.2 0.2 0.2 
0.2 0.2 0.2 0.2 0.2 
0.18364575867622646 0.18364575867622646 0.22453136198566015 0.22453136198566015 0.18364575867622646 
0.15646058967968146 0.2932800867260165 0.15646058967968146 0.15646058967968146 0.23733814423493907 
0.2 0.2 0.2 0.2 0.2 
0.17658727660549803 0.26786871128923984 0.14383765040801103 0.14383765040801103 0.26786871128923984 
0.6181379828004265 0.08444663519743345 0.06849041451502282 0.06849041451502282 0.16043455297209433 
2.126032004394433E-9 1.7317411202139119E-9 0.4999999972052428 0.4999999972052428 1.7317411202139119E-9 
2.4015954227659315E-5 1.3431805662321902E-4 0.49991284936009933 0.49991284936009933 1.596726895037046E-5 
1.048573464482173E-14 0.9999975819417412 8.22524345080433E-20 8.22524345080433E-20 2.418058248410038E-6 
0.9999864005211886 1.4175568251445422E-7 2.62312936050563E-7 2.62312936050563E-7 1.2933097256860097E-5 
0.5585701837570097 0.047664096483383996 0.1405443146232211 0.1405443146232211 0.1126770905131645 
0.4648348381300408 0.08465007451668152 0.12785690807399008 0.12785690807399008 0.19480127120529758 
0.264631729231548 0.07075192910173443 0.264631729231548 0.264631729231548 0.13535288320362157 
0.002071477449594736 0.003908822050459677 0.4957328153411882 0.4957328153411882 0.0025540698175693963 
0.30337560614524467 0.16497393840375685 0.16497393840375685 0.16497393840375685 0.20170257864348454 
0.06495405001953863 0.005849794030334359 0.45780781969888035 0.45780781969888035 0.013580516552366367 
0.18364575867622646 0.18364575867622646 0.22453136198566015 0.22453136198566015 0.18364575867622646 
0.2 0.2 0.2 0.2 0.2 
0.19661526726734233 0.24087937523083602 0.16081299113549283 0.16081299113549283 0.24087937523083602 
0.2 0.2 0.2 0.2 0.2 
0.18364575867622646 0.22453136198566015 0.18364575867622646 0.18364575867622646 0.22453136198566015 
0.2 0.2 0.2 0.2 0.2 
0.2 0.2 0.2 0.2 0.2 
0.10016498568010905 0.10016498568010905 0.34975252147983643 0.34975252147983643 0.10016498568010905 
0.08569592402282623 0.08569592402282623 0.37145611396576056 0.37145611396576056 0.08569592402282623 
0.12059346289443722 0.1813814932302838 0.275141152733545 0.275141152733545 0.14774273840818877 
0.05141248956673958 0.05141248956673958 0.42288126564989065 0.42288126564989065 0.05141248956673958 
0.1254685004751054 0.15340192717241763 0.28386382259002957 0.28386382259002957 0.15340192717241763 
0.2 0.2 0.2 0.2 0.2 
0.07234925805649903 0.08845658929002344 0.3834224472984893 0.3834224472984893 0.07234925805649903 
0.15483689159782227 0.189695409868932 0.2328861443321571 0.2328861443321571 0.189695409868932 
0.17619929143570645 0.21586713904286245 0.21586713904286245 0.21586713904286245 0.17619929143570645 
0.2 0.2 0.2 0.2 0.2 
0.20572133881923121 0.2520355018974585 0.16826091023203954 0.16826091023203954 0.20572133881923121 
0.08251214782035292 0.10108815501542862 0.3576557710743951 0.3576557710743951 0.10108815501542862 
0.16146035253434876 0.24387245456600376 0.19822239763321575 0.19822239763321575 0.19822239763321575 
0.10317317760849633 0.06801492553920227 0.38039848565654955 0.38039848565654955 0.06801492553920227 
0.18956858111275077 0.18956858111275077 0.23322568860308432 0.23322568860308432 0.1544114605683296 
0.2 0.2 0.2 0.2 0.2 
0.20572133881923121 0.2520355018974585 0.16826091023203954 0.16826091023203954 0.20572133881923121 
0.19412772975148498 0.08580492903364023 0.29577071040935526 0.29577071040935526 0.12852592039616462 
0.1608129911354928 0.19661526726734233 0.24087937523083602 0.24087937523083602 0.1608129911354928 
0.38497584170508864 0.13654841306466758 0.13654841306466758 0.13654841306466758 0.2053789191009083 
0.17619929143570645 0.21586713904286245 0.21586713904286245 0.21586713904286245 0.17619929143570645 
0.15652857453992167 0.023266975209061628 0.38857494497755973 0.38857494497755973 0.04305456029589723 
