0.40742308668262983 0.17234606630999355 0.17234606630999355 0.07553871438738965 0.17234606630999355 
0.4338649795798895 0.12586693838450025 0.18853420526661 0.12586693838450025 0.12586693838450025 
0.09182908303197793 0.31653604787621736 0.13754941060779372 0.13754941060779372 0.31653604787621736 
0.13303548490794434 0.24464301006137035 0.24464301006137035 0.13303548490794434 0.24464301006137035 
0.18188812442370433 0.18188812442370433 0.27244750230518255 0.18188812442370433 0.18188812442370433 
0.17126424110108873 0.17126424110108873 0.3149430355956448 0.17126424110108873 0.17126424110108873 
0.17643222088223307 0.21571185274517785 0.21571185274517785 0.17643222088223307 0.21571185274517785 
0.17643222088223307 0.21571185274517785 0.21571185274517785 0.17643222088223307 0.21571185274517785 
0.04490844708646272 0.055370773782686525 0.824500362434203 0.019849642913961102 0.055370773782686525 
0.17643222088223307 0.21571185274517785 0.17643222088223307 0.21571185274517785 0.21571185274517785 
0.1682609102320395 0.20572133881923121 0.2520355018974585 0.1682609102320395 0.20572133881923121 
0.5230916528345444 0.07932418821136752 0.22127560178211697 0.09698436896060386 0.07932418821136752 
0.12593995331369232 0.2315948206372889 0.2849304520980371 0.12593995331369232 0.2315948206372889 
0.09182908303197793 0.31653604787621736 0.13754941060779372 0.13754941060779372 0.31653604787621736 
0.13303548490794434 0.24464301006137035 0.24464301006137035 0.13303548490794434 0.24464301006137035 
0.18188812442370433 0.18188812442370433 0.27244750230518255 0.18188812442370433 0.18188812442370433 
0.17126424110108873 0.17126424110108873 0.3149430355956448 0.17126424110108873 0.17126424110108873 
0.17643222088223307 0.21571185274517785 0.21571185274517785 0.17643222088223307 0.21571185274517785 
0.17643222088223307 0.21571185274517785 0.21571185274517785 0.17643222088223307 0.21571185274517785 
0.04490844708646272 0.055370773782686525 0.824500362434203 0.019849642913961102 0.055370773782686525 
0.17126424110108873 0.17126424110108873 0.3149430355956448 0.17126424110108873 0.17126424110108873 
0.2 0.2 0.2 0.2 0.2 
0.17480934314738608 0.17480934314738608 0.26184430166078543 0.21372766889705624 0.17480934314738608 
0.5075416551852406 0.14153532704233399 0.1152863857625454 0.09410130496754573 0.14153532704233399 
0.19147430099047413 0.19147430099047413 0.19147430099047413 0.23410279603810322 0.19147430099047413 
0.13031640281307824 0.239642807079795 0.19519899151366593 0.19519899151366593 0.239642807079795 
0.2 0.2 0.2 0.2 0.2 
0.2 0.2 0.2 0.2 0.2 
0.10753145569987334 0.10753145569987334 0.5698741772005067 0.10753145569987334 0.10753145569987334 
0.18188812442370433 0.18188812442370433 0.27244750230518255 0.18188812442370433 0.18188812442370433 
0.19147430099047413 0.19147430099047413 0.23410279603810327 0.19147430099047413 0.19147430099047413 
0.1307977603879952 0.19672951187344834 0.1069803956435215 0.3687628202215865 0.19672951187344834 
0.2 0.2 0.2 0.2 0.2 
1.458665710611358E-8 0.49999995586120727 3.3001304943251254E-8 4.068962320224709E-8 0.49999995586120727 
2.7806293221654905E-4 0.4996766417932634 3.5760288362265426E-4 1.1050597634031062E-5 0.4996766417932634 
0.187664984651719 0.12424713825980262 0.4395936005688736 0.12424713825980262 0.12424713825980262 
0.2577028876902192 0.20946393624431725 0.20946393624431725 0.11390530357682849 0.20946393624431725 
4.2286744662167867E-23 2.225813101990713E-23 1.4673243172808147E-23 1.0 2.225813101990713E-23 
1.0 7.602770718892639E-22 7.80008548322212E-21 4.921990473142462E-22 7.602770718892639E-22 
0.0024334823318188973 4.2702861671695315E-4 0.9966566926068096 5.576782793772481E-5 4.2702861671695315E-4 
2.867971989591862E-10 5.785391860462104E-11 0.9999999995813615 1.6133401478932908E-11 5.785391860462104E-11 
0.4370944938702579 0.07232607191596103 0.345927290381859 0.07232607191596103 0.07232607191596103 
0.11858662941301351 0.17988638936860749 0.34175420248116384 0.17988638936860749 0.17988638936860749 
0.28811925810438593 0.126281723821345 0.3560305962477079 0.10328669800521577 0.126281723821345 
0.5922062458058429 0.018300280110900884 0.3591818902606779 0.012011303711677706 0.018300280110900884 
0.19147430099047413 0.19147430099047413 0.23410279603810327 0.19147430099047413 0.19147430099047413 
0.15968239858692226 0.15968239858692226 0.3612704056523108 0.15968239858692226 0.15968239858692226 
0.1552545257344294 0.18981930412587236 0.232553433006913 0.232553433006913 0.18981930412587236 
0.2 0.2 0.2 0.2 0.2 
0.19147430099047413 0.19147430099047413 0.19147430099047413 0.23410279603810322 0.19147430099047413 
0.17643222088223307 0.21571185274517785 0.21571185274517785 0.17643222088223307 0.21571185274517785 
0.2 0.2 0.2 0.2 0.2 
0.09182908303197793 0.31653604787621736 0.13754941060779372 0.13754941060779372 0.31653604787621736 
0.17480934314738608 0.17480934314738608 0.26184430166078543 0.21372766889705624 0.17480934314738608 
0.05750211523029389 0.05750211523029389 0.7413620955754426 0.08613155873367569 0.05750211523029389 
0.2 0.2 0.2 0.2 0.2 
0.17643222088223307 0.21571185274517785 0.17643222088223307 0.21571185274517785 0.21571185274517785 
0.18364575867622646 0.22453136198566015 0.18364575867622646 0.18364575867622646 0.22453136198566015 
0.04096896397579513 0.4213614974305365 0.07533907718733653 0.04096896397579513 0.4213614974305365 
0.13878129485062451 0.16967858868922567 0.3139831010262909 0.20787842674463333 0.16967858868922567 
0.18364575867622646 0.18364575867622646 0.22453136198566015 0.22453136198566015 0.18364575867622646 
0.2 0.2 0.2 0.2 0.2 
0.1539964745595897 0.23066901696027353 0.1539964745595897 0.23066901696027353 0.23066901696027353 
0.16218537651713266 0.19829319090211614 0.19829319090211614 0.24293505077651895 0.19829319090211614 
0.14744735787752714 0.18027400319000136 0.22085919299300535 0.271145442749465 0.18027400319000136 
0.3995220684982526 0.13863172752625966 0.21029319274922226 0.11292128370000559 0.13863172752625966 
0.029384398533052473 0.036230085640267286 0.8787009356039902 0.01945449458242273 0.036230085640267286 
0.18188812442370433 0.18188812442370433 0.27244750230518255 0.18188812442370433 0.18188812442370433 
0.14792207871305224 0.14792207871305224 0.33466349362549 0.22157027023535322 0.14792207871305224 
0.24427107217940489 0.24427107217940489 0.19723043734770676 0.0699563461140781 0.24427107217940489 
0.17643222088223307 0.21571185274517785 0.21571185274517785 0.17643222088223307 0.21571185274517785 
0.552072060066189 0.12342731223449417 0.10053665773241137 0.10053665773241137 0.12342731223449417 
0.1552545257344294 0.18981930412587236 0.232553433006913 0.232553433006913 0.18981930412587236 
0.440267431995173 0.13665482331898066 0.273463831067557 0.01295909029930849 0.13665482331898066 
