0.25232403030932704 0.31250481542880654 0.07320077598018 0.25232403030932704 0.10964634797235902 
0.2 0.2 0.2 0.2 0.2 
0.18188812442370433 0.18188812442370433 0.18188812442370433 0.18188812442370433 0.27244750230518255 
0.23431842227697144 0.3636744515837778 0.044214323183615796 0.29156482927314686 0.06622797368248835 
0.18364575867622646 0.22453136198566015 0.18364575867622646 0.18364575867622646 0.22453136198566015 
0.10472986758135339 0.23694409703166264 0.36100522061466084 0.10472986758135339 0.19259094719096992 
0.18188812442370433 0.18188812442370433 0.27244750230518255 0.18188812442370433 0.18188812442370433 
0.18188812442370433 0.18188812442370433 0.27244750230518255 0.18188812442370433 0.18188812442370433 
0.3032796121010317 0.3032796121010317 0.04508058184845252 0.3032796121010317 0.04508058184845252 
0.21571185274517785 0.17643222088223307 0.17643222088223307 0.21571185274517785 0.21571185274517785 
0.12305684986350422 0.2262929937836458 0.34326829080686916 0.12305684986350422 0.18432501568247658 
0.23066901696027353 0.23066901696027353 0.1539964745595897 0.23066901696027353 0.1539964745595897 
0.22302275006234462 0.18203998398860094 0.22302275006234462 0.22302275006234462 0.14889176582436528 
0.18188812442370433 0.18188812442370433 0.18188812442370433 0.18188812442370433 0.27244750230518255 
0.23431842227697144 0.3636744515837778 0.044214323183615796 0.29156482927314686 0.06622797368248835 
0.18364575867622646 0.22453136198566015 0.18364575867622646 0.18364575867622646 0.22453136198566015 
0.10472986758135339 0.23694409703166264 0.36100522061466084 0.10472986758135339 0.19259094719096992 
0.18188812442370433 0.18188812442370433 0.27244750230518255 0.18188812442370433 0.18188812442370433 
0.18188812442370433 0.18188812442370433 0.27244750230518255 0.18188812442370433 0.18188812442370433 
0.3032796121010317 0.3032796121010317 0.04508058184845252 0.3032796121010317 0.04508058184845252 
0.18188812442370433 0.18188812442370433 0.27244750230518255 0.18188812442370433 0.18188812442370433 
0.17480934314738605 0.26184430166078543 0.17480934314738605 0.17480934314738605 0.2137276688970563 
0.19147430099047413 0.19147430099047413 0.19147430099047413 0.19147430099047413 0.23410279603810327 
0.17741602770900594 0.11844435441565516 0.4082792357506779 0.17741602770900594 0.11844435441565516 
0.23760558710514884 0.23760558710514884 0.12920857411556824 0.23760558710514884 0.15797466456898535 
0.18981930412587236 0.15525452573442944 0.232553433006913 0.18981930412587236 0.232553433006913 
0.2 0.2 0.2 0.2 0.2 
0.14081806755833332 0.31859115870106947 0.14081806755833332 0.14081806755833332 0.25895463862393014 
0.2 0.2 0.2 0.2 0.2 
0.2 0.2 0.2 0.2 0.2 
0.21571185274517785 0.21571185274517785 0.1764322208822331 0.21571185274517785 0.1764322208822331 
0.22282710785229898 0.18111649244996408 0.09849012400502546 0.22282710785229898 0.2747391678404121 
0.2 0.2 0.2 0.2 0.2 
0.1797992570417842 0.14645394150209734 0.22120651685920392 0.1797992570417842 0.27274102755513 
0.7290696528819256 0.002476233179151856 0.013849244765238283 0.2508486223856844 0.0037562467879999747 
0.07144670705486024 0.007406648996044965 3.4395794291170656E-12 0.9211466439455577 9.733317197320271E-14 
8.825049004412927E-4 0.9521232654358823 5.817743185080758E-4 8.825049004412927E-4 0.045529950444727095 
1.0566522997493844E-13 8.624813731967907E-14 2.431624690095432E-13 1.0566522997493844E-13 0.9999999999994593 
0.1371852170408372 0.04706634786450784 0.6800634587054144 0.11025000407925895 0.02543497230998149 
0.41365493612816895 0.08037391548756895 0.15956815880592823 0.3246036592172343 0.021799330361099854 
0.17339791733440818 0.07402454779389678 0.5301702712203025 0.17339791733440818 0.04900934631698441 
4.153728941160766E-39 2.041883572471851E-39 1.0 4.153728941160766E-39 3.4470130532177457E-40 
0.15852172921433166 0.3586444713052907 0.2721804116404679 0.20733836730836946 0.0033150205315401375 
0.22453136198566015 0.18364575867622646 0.18364575867622646 0.22453136198566015 0.18364575867622646 
0.3224584169061624 0.10774953982365779 0.14093092332508814 0.42823276359760876 6.283563474831113E-4 
0.21571185274517785 0.21571185274517785 0.1764322208822331 0.21571185274517785 0.1764322208822331 
0.2 0.2 0.2 0.2 0.2 
0.18981930412587236 0.15525452573442944 0.232553433006913 0.18981930412587236 0.232553433006913 
0.2 0.2 0.2 0.2 0.2 
0.19147430099047413 0.19147430099047413 0.19147430099047413 0.19147430099047413 0.23410279603810327 
0.2 0.2 0.2 0.2 0.2 
0.2 0.2 0.2 0.2 0.2 
0.3909498622925697 0.15910296401978993 0.02949865569753542 0.3909498622925697 0.02949865569753542 
0.310036976652338 0.24856263004545287 0.08527839561863063 0.310036976652338 0.04608502103124043 
0.08674576539983408 0.13158635680963213 0.6081763469908655 0.08674576539983408 0.08674576539983408 
0.2849124865154515 0.2849124865154515 0.04999657626901373 0.35807984230354134 0.022098608396541486 
0.2180459808722261 0.2180459808722261 0.1772303362415252 0.26884418109259123 0.11783352092143091 
0.2 0.2 0.2 0.2 0.2 
0.3013043753102758 0.3013043753102758 0.06951172933638818 0.2427185751862345 0.08516094485682571 
0.2574008494223495 0.2087648706456866 0.13821671525480714 0.2574008494223495 0.13821671525480714 
0.16081299113549277 0.19661526726734233 0.24087937523083602 0.16081299113549277 0.24087937523083602 
0.2 0.2 0.2 0.2 0.2 
0.21571185274517785 0.17643222088223307 0.17643222088223307 0.21571185274517785 0.21571185274517785 
0.23374731308460237 0.23374731308460237 0.18785290993432507 0.29155754521951055 0.05309491867695984 
0.14263780634946516 0.21453781727294155 0.17474993755717916 0.14263780634946516 0.32543663247094895 
0.17088759641314866 0.407772021843857 0.11216127887869189 0.17088759641314866 0.13829150645115382 
0.18140271930573404 0.14744626252259177 0.34230203634334794 0.18140271930573404 0.14744626252259177 
0.19147430099047413 0.19147430099047413 0.23410279603810327 0.19147430099047413 0.19147430099047413 
0.18364575867622646 0.18364575867622646 0.22453136198566015 0.18364575867622646 0.22453136198566015 
0.1902496245178963 0.12316652362921779 0.46748383956714495 0.1902496245178963 0.028850387767845067 
0.13315529845707294 0.19945133085666555 0.3714380123003122 0.13315529845707294 0.16280005992887628 
0.13225350953451964 0.08756092733535435 0.6012176661274263 0.10749720710357884 0.07147068989912068 
0.22302275006234462 0.22302275006234462 0.14889176582436528 0.22302275006234462 0.1820399839886009 
0.38610238323858515 0.14723950394587076 0.0735782436702813 0.38610238323858515 0.006977485906677551 
