0.2681024941202886 0.07476425589606248 0.215462727748737 0.17356802811462355 0.2681024941202886 
0.27686196505196536 0.0992511169214955 0.1825159055302369 0.0992511169214955 0.34211989557480676 
0.13038411357022106 0.44943574140873904 0.1594119178805977 0.13038411357022106 0.13038411357022106 
0.08100080518868187 0.12234498979546192 0.18640337778200552 0.5561740439713052 0.054076783262545426 
0.20170257864348456 0.16497393840375685 0.30337560614524467 0.16497393840375685 0.16497393840375685 
0.19147430099047413 0.19147430099047413 0.23410279603810327 0.19147430099047413 0.19147430099047413 
0.19147430099047413 0.19147430099047413 0.23410279603810327 0.19147430099047413 0.19147430099047413 
0.19147430099047413 0.19147430099047413 0.23410279603810327 0.19147430099047413 0.19147430099047413 
0.1102193202159558 0.038671871091307215 0.527166342371511 0.2655318164145196 0.058410649906706094 
0.19147430099047413 0.19147430099047413 0.23410279603810327 0.19147430099047413 0.19147430099047413 
0.20170257864348456 0.16497393840375685 0.30337560614524467 0.16497393840375685 0.16497393840375685 
0.30036021875630226 0.029204013791073815 0.3765209119117471 0.05370415152518021 0.2402107040156964 
0.15630936053470196 0.23510084658961067 0.2892439059003008 0.1914993765826672 0.1278465103927193 
0.13038411357022106 0.44943574140873904 0.1594119178805977 0.13038411357022106 0.13038411357022106 
0.08100080518868187 0.12234498979546192 0.18640337778200552 0.5561740439713052 0.054076783262545426 
0.20170257864348456 0.16497393840375685 0.30337560614524467 0.16497393840375685 0.16497393840375685 
0.19147430099047413 0.19147430099047413 0.23410279603810327 0.19147430099047413 0.19147430099047413 
0.19147430099047413 0.19147430099047413 0.23410279603810327 0.19147430099047413 0.19147430099047413 
0.19147430099047413 0.19147430099047413 0.23410279603810327 0.19147430099047413 0.19147430099047413 
0.1102193202159558 0.038671871091307215 0.527166342371511 0.2655318164145196 0.058410649906706094 
0.19147430099047413 0.19147430099047413 0.23410279603810327 0.19147430099047413 0.19147430099047413 
0.2 0.2 0.2 0.2 0.2 
0.19147430099047413 0.19147430099047413 0.23410279603810327 0.19147430099047413 0.19147430099047413 
0.31269509476011287 0.047418620456113905 0.20243702385803702 0.047418620456113905 0.39003064046962227 
0.16497393840375685 0.16497393840375685 0.20170257864348456 0.30337560614524467 0.16497393840375685 
0.19147430099047413 0.19147430099047413 0.23410279603810327 0.19147430099047413 0.19147430099047413 
0.2 0.2 0.2 0.2 0.2 
0.08033485931672686 0.6607753732595164 0.09822004879030265 0.08033485931672686 0.08033485931672686 
0.19147430099047413 0.19147430099047413 0.23410279603810327 0.19147430099047413 0.19147430099047413 
0.2137276688970563 0.17480934314738605 0.26184430166078543 0.17480934314738605 0.17480934314738605 
0.20572133881923121 0.16826091023203954 0.2520355018974585 0.20572133881923121 0.16826091023203954 
0.12085214613704867 0.27341963951723597 0.14775782009145993 0.33711824811720653 0.12085214613704867 
5.0875455606701905E-5 0.999796498177573 5.0875455606701905E-5 5.0875455606701905E-5 5.0875455606701905E-5 
8.101925191886212E-9 0.9999999546005353 1.8485023840868136E-8 1.2185895106360358E-8 6.6266208223375156E-9 
0.2877537724469505 0.00299496372023788 0.48377256329944834 0.002444607769952328 0.2230340927634107 
1.2018991344002756E-30 5.222802226033505E-31 2.8679719907926075E-30 1.0 7.888609052210605E-31 
0.21276756919065773 0.07627417829993638 0.17256506402122276 0.32562561929752515 0.21276756919065773 
0.1573680011869796 0.2912028759591775 0.2366931204798836 0.1573680011869796 0.1573680011869796 
1.1951964277455716E-23 1.000000000000082E-40 1.3519059214027371E-33 2.262430980805216E-40 1.0 
1.7995544021384895E-6 3.536117312210467E-10 0.9999981668326675 2.588390191278903E-9 3.067092857649741E-8 
0.3467894729598394 0.010207605124390477 0.27292419120377465 0.023289257752156196 0.3467894729598394 
0.22450276942537742 0.010286932974062845 0.17718579833744477 0.3635217298377375 0.22450276942537742 
0.0022057036831745805 0.0011843982589722938 0.004190469917145625 0.9909653605695609 0.001454067571146606 
0.27931303098746135 0.08103045351880804 0.27931303098746135 0.08103045351880804 0.27931303098746135 
0.050881467943248444 2.416926181811819E-4 0.26965165206953345 0.6560035495961785 0.02322163777285808 
0.17480934314738605 0.17480934314738605 0.2137276688970563 0.26184430166078543 0.17480934314738605 
0.1708543069132711 0.11406369730399138 0.48695460117475475 0.11406369730399138 0.11406369730399138 
0.18188812442370433 0.27244750230518255 0.18188812442370433 0.18188812442370433 0.18188812442370433 
0.2 0.2 0.2 0.2 0.2 
0.2 0.2 0.2 0.2 0.2 
0.19147430099047413 0.19147430099047413 0.23410279603810327 0.19147430099047413 0.19147430099047413 
0.19147430099047413 0.19147430099047413 0.23410279603810327 0.19147430099047413 0.19147430099047413 
0.05842687097018048 0.05842687097018048 0.0714346196179989 0.7532847674714593 0.05842687097018048 
0.05750211523029389 0.05750211523029389 0.08613155873367569 0.7413620955754426 0.05750211523029389 
0.17508834472387344 0.14320597184207143 0.21450608426018808 0.32399362733179565 0.14320597184207143 
0.02277115116778058 0.18729871490925945 0.02277115116778058 0.7443878315873992 0.02277115116778058 
0.14260975970711393 0.14260975970711393 0.1743593961020298 0.3978113247766285 0.14260975970711393 
0.19147430099047413 0.23410279603810327 0.19147430099047413 0.19147430099047413 0.19147430099047413 
0.10082595452501189 0.3567280904914254 0.18776807342521903 0.28736567055762896 0.0673122110007146 
0.14260975970711393 0.14260975970711393 0.1743593961020298 0.3978113247766285 0.14260975970711393 
0.19147430099047413 0.19147430099047413 0.23410279603810327 0.19147430099047413 0.19147430099047413 
0.2 0.2 0.2 0.2 0.2 
0.19147430099047413 0.19147430099047413 0.23410279603810327 0.19147430099047413 0.19147430099047413 
0.06941533680254407 0.056775285546449096 0.08504285141651466 0.731991240688043 0.056775285546449096 
0.2 0.2 0.2 0.2 0.2 
0.2607927278068394 0.059238193978447866 0.2607927278068394 0.20958817520393688 0.20958817520393688 
0.2536646978782221 0.09093522320135874 0.31345490137232646 0.13621051133091827 0.20573466621717457 
0.18853059752140414 0.15420048366210765 0.34886795149227273 0.15420048366210765 0.15420048366210765 
0.20554465306869155 0.1372232489402939 0.3827856001104269 0.1372232489402939 0.1372232489402939 
0.19256972660599958 0.06606800598575503 0.376497777832549 0.2401959450653298 0.12466854451036657 
0.16497393840375685 0.30337560614524467 0.20170257864348454 0.16497393840375685 0.16497393840375685 
0.3054829412173964 0.04632493405922414 0.197767916720572 0.06938942615894646 0.3810347818438611 
0.16497393840375685 0.16497393840375685 0.20170257864348456 0.30337560614524467 0.16497393840375685 
0.22332997268410107 0.018533258715763213 0.10978419846934435 0.36375459052415043 0.2845979796066412 
