0.3161993439203901 0.2066083311588301 0.25530708296344323 0.11094262097866806 0.11094262097866806 
0.3827856001104269 0.1372232489402939 0.1372232489402939 0.1372232489402939 0.20554465306869155 
0.14889176582436528 0.22302275006234462 0.1820399839886009 0.22302275006234462 0.22302275006234462 
0.1372232489402939 0.1372232489402939 0.3827856001104269 0.20554465306869155 0.1372232489402939 
0.17480934314738608 0.17480934314738608 0.26184430166078543 0.21372766889705624 0.17480934314738608 
0.09863358059911856 0.09863358059911856 0.5227189590471505 0.18138029915549359 0.09863358059911856 
0.19147430099047413 0.23410279603810327 0.19147430099047413 0.19147430099047413 0.19147430099047413 
0.19147430099047413 0.23410279603810327 0.19147430099047413 0.19147430099047413 0.19147430099047413 
0.1790777811115705 0.33567524756634887 0.22031888706503172 0.14586626947598794 0.11906181478106106 
0.15912933433150755 0.292627785487911 0.15912933433150755 0.19455677292453685 0.19455677292453685 
0.10717298396559521 0.1310332252229549 0.4575371384340408 0.19708366841181377 0.10717298396559521 
0.5409145305331741 0.10206696355883603 0.10206696355883603 0.10206696355883603 0.15288457879031797 
0.18188812442370433 0.27244750230518255 0.18188812442370433 0.18188812442370433 0.18188812442370433 
0.14889176582436528 0.22302275006234462 0.1820399839886009 0.22302275006234462 0.22302275006234462 
0.1372232489402939 0.1372232489402939 0.3827856001104269 0.20554465306869155 0.1372232489402939 
0.17480934314738608 0.17480934314738608 0.26184430166078543 0.21372766889705624 0.17480934314738608 
0.09863358059911856 0.09863358059911856 0.5227189590471505 0.18138029915549359 0.09863358059911856 
0.19147430099047413 0.23410279603810327 0.19147430099047413 0.19147430099047413 0.19147430099047413 
0.19147430099047413 0.23410279603810327 0.19147430099047413 0.19147430099047413 0.19147430099047413 
0.1790777811115705 0.33567524756634887 0.22031888706503172 0.14586626947598794 0.11906181478106106 
0.2 0.2 0.2 0.2 0.2 
0.15420048366210765 0.15420048366210765 0.34886795149227273 0.18853059752140414 0.15420048366210765 
0.17643222088223307 0.17643222088223307 0.21571185274517785 0.21571185274517785 0.21571185274517785 
0.40558293239809784 0.3267211482413672 0.07653079376580672 0.07653079376580672 0.11463433182892149 
0.17643222088223307 0.17643222088223307 0.21571185274517785 0.21571185274517785 0.21571185274517785 
0.11540126685000555 0.39778967318979996 0.17285783233927488 0.17285783233927488 0.14109339528164463 
0.2 0.2 0.2 0.2 0.2 
0.09863358059911856 0.09863358059911856 0.5227189590471505 0.18138029915549359 0.09863358059911856 
0.2 0.2 0.2 0.2 0.2 
0.2 0.2 0.2 0.2 0.2 
0.19147430099047413 0.19147430099047413 0.23410279603810327 0.19147430099047413 0.19147430099047413 
0.13147244818075196 0.10753222746992966 0.1610709158957985 0.2999622042267599 0.2999622042267599 
0.2 0.2 0.2 0.2 0.2 
0.09353022253048637 0.4054145327877347 0.11458673520866906 0.21339476141413666 0.17307374805897313 
5.8199972425352334E-27 1.0 4.69397589983227E-28 3.0670984801546064E-28 7.250567168133479E-28 
0.271934495825114 0.14695523840838146 0.22103155461965 0.1800393555734274 0.1800393555734274 
2.487563863169648E-8 4.69396588516399E-8 0.9999978664849809 2.0482567584419458E-6 1.3442963146656795E-8 
2.6895052085555296E-11 4.027307467295234E-13 3.9487704264021575E-9 0.8412598703891415 0.15874012563479026 
0.9999999999304727 1.4885279044218405E-11 3.1558912915107087E-13 2.0982287254548467E-13 5.41167182850665E-11 
0.1692551978680464 0.804835937178183 0.004414861603268866 0.005443392479054533 0.01605061087144728 
0.2985257548032602 0.6072800056406055 0.021899253763532293 0.021899253763532293 0.050395732029069946 
0.4747735340278468 0.23914174472677371 0.05260546520537659 0.0801490638927634 0.15333019214723947 
0.04453474050492055 0.10338907275130914 0.6248202512429812 0.15970031215140945 0.06755562334937973 
0.35530299007479227 0.23422663694137164 0.12737112013147503 0.12737112013147503 0.155728132720886 
0.754720805447658 0.11727709000155354 0.02621975834792143 0.02621975834792143 0.0755625878549456 
0.2 0.2 0.2 0.2 0.2 
0.2 0.2 0.2 0.2 0.2 
0.1536846797760521 0.28261544419331086 0.18789995867687903 0.18789995867687903 0.18789995867687903 
0.2 0.2 0.2 0.2 0.2 
0.18364575867622646 0.18364575867622646 0.18364575867622646 0.22453136198566015 0.22453136198566015 
0.18188812442370433 0.27244750230518255 0.18188812442370433 0.18188812442370433 0.18188812442370433 
0.2 0.2 0.2 0.2 0.2 
0.03986170431703805 0.8139295921568367 0.048736234508708266 0.048736234508708266 0.048736234508708266 
0.18364575867622646 0.18364575867622646 0.18364575867622646 0.22453136198566015 0.22453136198566015 
0.12305684986350422 0.12305684986350422 0.34326829080686916 0.22629299378364578 0.18432501568247656 
0.2 0.2 0.2 0.2 0.2 
0.1536846797760521 0.28261544419331086 0.18789995867687903 0.18789995867687903 0.18789995867687903 
0.2 0.2 0.2 0.2 0.2 
0.07762922042848346 0.5119144379264304 0.2165474725113881 0.11627964870521476 0.07762922042848346 
0.16794486262638186 0.2526015028707924 0.16794486262638186 0.20575438593822215 0.20575438593822215 
0.14320597184207143 0.14320597184207143 0.32399362733179565 0.21450608426018808 0.17508834472387344 
0.2 0.2 0.2 0.2 0.2 
0.1340948351878152 0.374058859234635 0.16394876852584983 0.16394876852584983 0.16394876852584983 
0.16947652256558415 0.20763086935860398 0.20763086935860398 0.20763086935860398 0.20763086935860398 
0.10223410393588533 0.1537676585934268 0.3569773947455193 0.23325318413174165 0.1537676585934268 
0.2064347443980079 0.07243029451175137 0.49732653534488835 0.13488686442059927 0.08892156132475296 
0.11898327869711325 0.5408918778657905 0.14670282844507815 0.09671100749600899 0.09671100749600899 
0.2 0.2 0.2 0.2 0.2 
0.17643222088223307 0.17643222088223307 0.21571185274517785 0.21571185274517785 0.21571185274517785 
0.3317015514666804 0.3317015514666804 0.09622869027347285 0.09622869027347285 0.1441395165196938 
0.15912933433150755 0.19455677292453688 0.292627785487911 0.19455677292453688 0.15912933433150755 
0.38881014576347145 0.31320967211471984 0.0733658808163818 0.08969954580885346 0.13491475549657314 
0.16976395521768495 0.2075590111955787 0.2075590111955787 0.2075590111955787 0.2075590111955787 
0.2595326692785433 0.6727969448100226 0.023373641196594845 0.015540220130235602 0.028756524584603666 
