0.15713430987482582 0.15713430987482582 0.15713430987482582 0.15713430987482582 0.37146276050069693 
0.3149430355956448 0.17126424110108873 0.17126424110108873 0.17126424110108873 0.17126424110108873 
0.2075590111955787 0.2075590111955787 0.2075590111955787 0.2075590111955787 0.16976395521768498 
0.06707482051163555 0.18710587032534812 0.15175215195746086 0.15175215195746086 0.4423150052480943 
0.13637754109695352 0.20427787993367813 0.20427787993367813 0.20427787993367813 0.2507888191020121 
0.04665865854176909 0.24727243272873653 0.19919263533079573 0.19919263533079573 0.3076836380679031 
0.2 0.2 0.2 0.2 0.2 
0.2 0.2 0.2 0.2 0.2 
0.11759387281334656 0.1776157796931131 0.1443681934924432 0.1443681934924432 0.4160539605086538 
0.21571185274517785 0.17643222088223307 0.21571185274517785 0.21571185274517785 0.17643222088223307 
0.06009382964146091 0.20714421519194173 0.20714421519194173 0.20714421519194173 0.3184735247827141 
0.3978113247766285 0.14260975970711393 0.14260975970711393 0.14260975970711393 0.1743593961020298 
0.19147430099047413 0.19147430099047413 0.19147430099047413 0.19147430099047413 0.23410279603810327 
0.2075590111955787 0.2075590111955787 0.2075590111955787 0.2075590111955787 0.16976395521768498 
0.06707482051163555 0.18710587032534812 0.15175215195746086 0.15175215195746086 0.4423150052480943 
0.13637754109695352 0.20427787993367813 0.20427787993367813 0.20427787993367813 0.2507888191020121 
0.04665865854176909 0.24727243272873653 0.19919263533079573 0.19919263533079573 0.3076836380679031 
0.2 0.2 0.2 0.2 0.2 
0.2 0.2 0.2 0.2 0.2 
0.11759387281334656 0.1776157796931131 0.1443681934924432 0.1443681934924432 0.4160539605086538 
0.2 0.2 0.2 0.2 0.2 
0.1086634907238581 0.245843647896077 0.19982460674199373 0.19982460674199373 0.245843647896077 
0.2 0.2 0.2 0.2 0.2 
0.41085584857976054 0.14728603785505995 0.14728603785505995 0.14728603785505995 0.14728603785505995 
0.2 0.2 0.2 0.2 0.2 
0.17619929143570645 0.21586713904286245 0.21586713904286245 0.21586713904286245 0.17619929143570645 
0.2 0.2 0.2 0.2 0.2 
0.04335919242574383 0.22978656753856574 0.18510673206275857 0.18510673206275857 0.3566407759101733 
0.2 0.2 0.2 0.2 0.2 
0.2 0.2 0.2 0.2 0.2 
0.16976395521768495 0.2075590111955787 0.2075590111955787 0.2075590111955787 0.2075590111955787 
0.21436866422463233 0.21436866422463233 0.21436866422463233 0.21436866422463233 0.14252534310147086 
0.2 0.2 0.2 0.2 0.2 
0.22324406902635005 0.18184154019211066 0.22324406902635005 0.22324406902635005 0.1484262527288394 
0.5402722992928358 0.11493192517679093 0.11493192517679093 0.11493192517679093 0.11493192517679093 
6.095385797290477E-4 6.095385797290477E-4 6.095385797290477E-4 6.095385797290477E-4 0.9975618456810837 
2.649420585359313E-11 6.062986653855983E-4 2.7781188397136928E-5 2.7781188397136928E-5 0.999338138931326 
0.5173658958270714 0.017748413015432785 0.23244268088033976 0.23244268088033976 3.2939681660496974E-7 
0.9999891957729294 2.6059383933117278E-6 2.1226447499916658E-6 2.1226447499916658E-6 3.952999177143609E-6 
0.6805493960711338 0.059677896431591444 0.07358106364217462 0.07358106364217462 0.11261058021292539 
0.5650054035506775 0.10289192115052355 0.10289192115052355 0.10289192115052355 0.12631883299775204 
0.43903854705048667 0.0965779815526189 0.11907776634188111 0.11907776634188111 0.22622793871313207 
0.00761658356047669 0.0687410002004188 0.05455063613861023 0.05455063613861023 0.814541143961884 
0.3149430355956448 0.17126424110108873 0.17126424110108873 0.17126424110108873 0.17126424110108873 
0.46813590482427325 0.053127859501620876 0.053127859501620876 0.053127859501620876 0.3724805166708635 
0.2 0.2 0.2 0.2 0.2 
0.2 0.2 0.2 0.2 0.2 
0.2075590111955787 0.2075590111955787 0.2075590111955787 0.2075590111955787 0.16976395521768498 
0.2 0.2 0.2 0.2 0.2 
0.21571185274517785 0.17643222088223307 0.21571185274517785 0.21571185274517785 0.17643222088223307 
0.2 0.2 0.2 0.2 0.2 
0.2 0.2 0.2 0.2 0.2 
0.1709267891246451 0.1709267891246451 0.1709267891246451 0.1709267891246451 0.31629284350141945 
0.17641771690510538 0.1442932745717498 0.17641771690510538 0.17641771690510538 0.3264535747129339 
0.09377331860872506 0.2139493995643836 0.2139493995643836 0.2139493995643836 0.2643784826981237 
0.14728603785505995 0.14728603785505995 0.14728603785505995 0.14728603785505995 0.4108558485797606 
0.16218537651713266 0.19829319090211614 0.19829319090211614 0.19829319090211614 0.24293505077651895 
0.2 0.2 0.2 0.2 0.2 
0.0734539260141339 0.20490044775153923 0.16618443787613715 0.16618443787613715 0.38927675048205235 
0.19138277710975451 0.19138277710975451 0.19138277710975451 0.19138277710975451 0.2344688915609822 
0.12971743377364847 0.24003666242191515 0.19510462069126047 0.19510462069126047 0.24003666242191515 
0.2 0.2 0.2 0.2 0.2 
0.2075590111955787 0.2075590111955787 0.2075590111955787 0.2075590111955787 0.16976395521768498 
0.1532367497555575 0.18773502717534724 0.18773502717534724 0.18773502717534724 0.28355816871840117 
0.0929897256879574 0.26503150903134687 0.21399292176023174 0.21399292176023174 0.21399292176023174 
0.055853011622571926 0.20592950157264883 0.16469048649382587 0.16469048649382587 0.4088365138171274 
0.13467605044532463 0.20429274842324932 0.20429274842324932 0.20429274842324932 0.2524457042849273 
0.2 0.2 0.2 0.2 0.2 
0.2075590111955787 0.2075590111955787 0.2075590111955787 0.2075590111955787 0.16976395521768498 
0.31859115870106947 0.14081806755833332 0.14081806755833332 0.14081806755833332 0.25895463862393014 
0.11390530357682849 0.20946393624431725 0.20946393624431725 0.20946393624431725 0.2577028876902192 
0.413432618014945 0.14664184549626355 0.14664184549626355 0.14664184549626355 0.14664184549626355 
0.2 0.2 0.2 0.2 0.2 
0.3242633934222016 0.0904255344699103 0.0904255344699103 0.0904255344699103 0.4044600031680674 
