0.1838424986200942 0.22821718181109857 0.12012482810694985 0.2839729928417633 0.1838424986200942 
0.3185911587010696 0.14081806755833332 0.25895463862393014 0.14081806755833332 0.14081806755833332 
0.22453136198566015 0.18364575867622646 0.22453136198566015 0.18364575867622646 0.18364575867622646 
0.047418620456113905 0.20243702385803702 0.047418620456113905 0.31269509476011287 0.3900306404696224 
0.14491716155955217 0.2664925875830114 0.14491716155955217 0.2664925875830114 0.1771805017148727 
0.03375585582698734 0.43520680784719645 0.03375585582698734 0.43520680784719645 0.06207467265163239 
0.2 0.2 0.2 0.2 0.2 
0.2 0.2 0.2 0.2 0.2 
0.08618154020241772 0.16154438402982127 0.07019843382574342 0.20007368245074125 0.4820019594912761 
0.19147430099047413 0.19147430099047413 0.23410279603810327 0.19147430099047413 0.19147430099047413 
0.05012930420473553 0.41232672813341253 0.05012930420473553 0.41232672813341253 0.07508793532370382 
0.4044076728757584 0.09472799779492773 0.264244679842609 0.09472799779492773 0.1418916516917771 
0.19147430099047413 0.19147430099047413 0.19147430099047413 0.19147430099047413 0.23410279603810327 
0.22453136198566015 0.18364575867622646 0.22453136198566015 0.18364575867622646 0.18364575867622646 
0.047418620456113905 0.20243702385803702 0.047418620456113905 0.31269509476011287 0.3900306404696224 
0.14491716155955217 0.2664925875830114 0.14491716155955217 0.2664925875830114 0.1771805017148727 
0.03375585582698734 0.43520680784719645 0.03375585582698734 0.43520680784719645 0.06207467265163239 
0.2 0.2 0.2 0.2 0.2 
0.2 0.2 0.2 0.2 0.2 
0.08618154020241772 0.16154438402982127 0.07019843382574342 0.20007368245074125 0.4820019594912761 
0.2 0.2 0.2 0.2 0.2 
0.09884686150145375 0.34072642186508884 0.09884686150145375 0.34072642186508884 0.12085343326691476 
0.16826091023203954 0.2520355018974585 0.20572133881923121 0.20572133881923121 0.16826091023203954 
0.4244251119614392 0.09941686017996719 0.2773243074986592 0.09941686017996719 0.09941686017996719 
0.16497393840375685 0.16497393840375685 0.20170257864348456 0.16497393840375685 0.30337560614524467 
0.2075590111955787 0.2075590111955787 0.2075590111955787 0.2075590111955787 0.16976395521768498 
0.2 0.2 0.2 0.2 0.2 
0.030362431944808074 0.39145614179964805 0.030362431944808074 0.4919845923171529 0.055834401993582444 
0.2 0.2 0.2 0.2 0.2 
0.2 0.2 0.2 0.2 0.2 
0.17643222088223307 0.21571185274517785 0.17643222088223307 0.21571185274517785 0.21571185274517785 
0.1861996051254842 0.15198347758805578 0.22859439848231206 0.15198347758805578 0.28123904121609233 
0.2 0.2 0.2 0.2 0.2 
0.20246124793788436 0.16525687322312066 0.24855856787208955 0.1351647430948161 0.24855856787208955 
0.612850523084083 0.06298794470428166 0.23907345412658373 0.06298794470428166 0.02210013338076952 
6.912534848235128E-15 8.504472051798323E-15 6.912534848235128E-15 9.698252895675722E-14 0.9999999999998808 
1.052455158002246E-19 0.1492840350551804 8.572683151177955E-20 0.8507159649448197 1.0661634321449384E-17 
6.004676136388931E-4 8.203574377616965E-6 0.9993899145680709 6.362921465466454E-7 7.779517660235103E-7 
0.9999875101991592 4.0043301112770926E-11 1.2489671382317729E-5 4.937219412549233E-11 4.0043301112770926E-11 
0.6073167750679004 0.02030911477536651 0.2315992456429556 0.02504053185781204 0.11573433265596528 
0.5303079727433933 0.04902207555134527 0.2691925398035849 0.060183650042985426 0.09129376185869092 
0.2846896345462239 0.032308888828805206 0.18069934336161966 0.049009988602371955 0.4532921446609793 
0.0019507189250197296 0.058333627029567264 0.0019507189250197296 0.12408729125725591 0.8136776438631376 
0.3185911587010696 0.14081806755833332 0.25895463862393014 0.14081806755833332 0.14081806755833332 
0.04125981953981916 0.0018266464044316764 0.016095486913161566 0.0034239869414160727 0.9373940602011716 
0.19147430099047413 0.19147430099047413 0.19147430099047413 0.19147430099047413 0.23410279603810327 
0.2 0.2 0.2 0.2 0.2 
0.22453136198566015 0.18364575867622646 0.22453136198566015 0.18364575867622646 0.18364575867622646 
0.2 0.2 0.2 0.2 0.2 
0.19147430099047413 0.19147430099047413 0.23410279603810327 0.19147430099047413 0.19147430099047413 
0.2 0.2 0.2 0.2 0.2 
0.2 0.2 0.2 0.2 0.2 
0.0789233011222749 0.0789233011222749 0.09649423118249668 0.09649423118249668 0.6491649353904567 
0.0789233011222749 0.0789233011222749 0.09649423118249668 0.09649423118249668 0.6491649353904567 
0.09230212632648208 0.3222972698637174 0.09230212632648208 0.3222972698637174 0.17080120761960088 
0.04830541425757312 0.04830541425757312 0.04830541425757312 0.07235595783942116 0.7827277993878597 
0.14320597184207143 0.17508834472387344 0.14320597184207143 0.21450608426018808 0.32399362733179565 
0.2 0.2 0.2 0.2 0.2 
0.052100805417241706 0.2761136583280653 0.052100805417241706 0.34357107250938645 0.2761136583280653 
0.17641771690510538 0.1442932745717498 0.17641771690510538 0.17641771690510538 0.3264535747129339 
0.11768573219745768 0.3282855053463972 0.14388645796694616 0.2662558465222524 0.14388645796694616 
0.2 0.2 0.2 0.2 0.2 
0.22453136198566015 0.18364575867622646 0.22453136198566015 0.18364575867622646 0.18364575867622646 
0.09130226732990054 0.09130226732990054 0.09130226732990054 0.11185719917508267 0.6142359988352158 
0.08251214782035292 0.35765577107439506 0.10108815501542862 0.35765577107439506 0.10108815501542862 
0.044073375967675535 0.4179724616442876 0.03566656495198371 0.4179724616442876 0.0843151357917653 
0.15626050997138838 0.2948593657689758 0.12701037924532987 0.2948593657689758 0.12701037924532987 
0.2 0.2 0.2 0.2 0.2 
0.19147430099047413 0.19147430099047413 0.23410279603810327 0.19147430099047413 0.19147430099047413 
0.22184430457725168 0.07952806015745771 0.17992674714355852 0.09723362952646869 0.4214672585952632 
0.11361502700103475 0.31693023323676084 0.11361502700103475 0.31693023323676084 0.13890947952440888 
0.4328150046337783 0.08166930413595905 0.28151515740383726 0.08166930413595905 0.1223312296904667 
0.17480934314738605 0.17480934314738605 0.2137276688970563 0.17480934314738605 0.26184430166078543 
0.22696196071163172 0.039072034095582873 0.09236560529068646 0.05979696693431419 0.5818034329677845 
