0.22670729087943492 0.1821951394137102 0.1821951394137102 0.1821951394137102 0.22670729087943492 
0.10826585003849666 0.3020086515841289 0.10826585003849666 0.10826585003849666 0.3731937983003813 
0.2 0.2 0.2 0.2 0.2 
0.30272850783442595 0.04590723824836117 0.30272850783442595 0.30272850783442595 0.04590723824836117 
0.2690579447148641 0.1463121882554405 0.21915883938712738 0.21915883938712738 0.1463121882554405 
0.505758097864176 0.039228010975482425 0.20789294009242973 0.20789294009242973 0.039228010975482425 
0.2 0.2 0.2 0.2 0.2 
0.2 0.2 0.2 0.2 0.2 
0.19801957999158867 0.08529673760621936 0.30587167381619845 0.30587167381619845 0.10494033476979495 
0.2 0.2 0.2 0.2 0.2 
0.48046756646767796 0.058413639370412385 0.20135257739574883 0.20135257739574883 0.058413639370412385 
0.06519235117923643 0.3454936720258461 0.07970631887626765 0.07970631887626765 0.4299013390423826 
0.18364575867622646 0.18364575867622646 0.22453136198566015 0.22453136198566015 0.18364575867622646 
0.2 0.2 0.2 0.2 0.2 
0.30272850783442595 0.04590723824836117 0.30272850783442595 0.30272850783442595 0.04590723824836117 
0.2690579447148641 0.1463121882554405 0.21915883938712738 0.21915883938712738 0.1463121882554405 
0.505758097864176 0.039228010975482425 0.20789294009242973 0.20789294009242973 0.039228010975482425 
0.2 0.2 0.2 0.2 0.2 
0.2 0.2 0.2 0.2 0.2 
0.19801957999158867 0.08529673760621936 0.30587167381619845 0.30587167381619845 0.10494033476979495 
0.2 0.2 0.2 0.2 0.2 
0.3294422650419875 0.11810041426393629 0.21717845321506993 0.21717845321506993 0.11810041426393629 
0.21571185274517785 0.17643222088223307 0.21571185274517785 0.21571185274517785 0.17643222088223307 
0.06714132523029313 0.35582246350832186 0.06714132523029313 0.06714132523029313 0.44275356080079914 
0.16678424679364126 0.16678424679364126 0.2498236298095381 0.2498236298095381 0.16678424679364126 
0.21571185274517785 0.17643222088223307 0.21571185274517785 0.21571185274517785 0.17643222088223307 
0.2 0.2 0.2 0.2 0.2 
0.505758097864176 0.039228010975482425 0.20789294009242973 0.20789294009242973 0.039228010975482425 
0.2 0.2 0.2 0.2 0.2 
0.2 0.2 0.2 0.2 0.2 
0.21571185274517785 0.17643222088223307 0.21571185274517785 0.21571185274517785 0.17643222088223307 
0.18347744683615302 0.18347744683615302 0.22478382974577063 0.22478382974577063 0.18347744683615302 
0.2 0.2 0.2 0.2 0.2 
0.16976395521768495 0.2075590111955787 0.2075590111955787 0.2075590111955787 0.2075590111955787 
0.025993451616308793 0.4119291691390857 0.016984423790757437 0.016984423790757437 0.528108531663091 
6.351772831560785E-5 3.4596498328906727E-6 0.4999647814860093 0.4999647814860093 3.4596498328906727E-6 
0.99999999986971 4.299741882776713E-18 6.514502245592542E-11 6.514502245592542E-11 4.299741882776713E-18 
0.023402996989526387 0.7650428409754357 0.028613276051035173 0.028613276051035173 0.15432760993296735 
3.3913586101252275E-21 1.0056484027749533E-5 3.3913586101252275E-21 3.3913586101252275E-21 0.9999899435159721 
0.008963027677177243 0.35841404305977087 0.0170282609283661 0.0170282609283661 0.5985664074063197 
0.028354993545440067 0.39781918543114714 0.03488506827530644 0.03488506827530644 0.5040556844728 
0.039377471112802036 0.3642012340966745 0.11611003034692445 0.11611003034692445 0.3642012340966745 
0.18491801421639198 0.0023628523784845743 0.40517814051331946 0.40517814051331946 0.0023628523784845743 
0.11656343528070397 0.3251548470789442 0.11656343528070397 0.11656343528070397 0.3251548470789442 
0.016016560569977037 0.2538211771735988 0.155835494703022 0.155835494703022 0.41849127285038046 
0.18364575867622646 0.18364575867622646 0.22453136198566015 0.22453136198566015 0.18364575867622646 
0.2 0.2 0.2 0.2 0.2 
0.2 0.2 0.2 0.2 0.2 
0.2 0.2 0.2 0.2 0.2 
0.2 0.2 0.2 0.2 0.2 
0.2 0.2 0.2 0.2 0.2 
0.2 0.2 0.2 0.2 0.2 
0.16502156867184872 0.1101697147568572 0.3073195009072185 0.3073195009072185 0.1101697147568572 
0.1441395165196938 0.09622869027347285 0.33170155146668034 0.33170155146668034 0.09622869027347285 
0.32432502653214934 0.07596952891548112 0.261867957818444 0.261867957818444 0.07596952891548112 
0.12444856793177093 0.08308285602475572 0.35469286000935885 0.35469286000935885 0.08308285602475572 
0.20874276230449285 0.13935833216065807 0.25627028668709545 0.25627028668709545 0.13935833216065807 
0.2 0.2 0.2 0.2 0.2 
0.3435710725093865 0.052100805417241706 0.2761136583280653 0.2761136583280653 0.052100805417241706 
0.19661526726734233 0.1608129911354928 0.24087937523083602 0.24087937523083602 0.1608129911354928 
0.2849304520980371 0.12593995331369232 0.2315948206372889 0.2315948206372889 0.12593995331369232 
0.2 0.2 0.2 0.2 0.2 
0.2 0.2 0.2 0.2 0.2 
0.17133494180198777 0.09317097209760444 0.32116155700140175 0.32116155700140175 0.09317097209760444 
0.4045111396657551 0.09332180730878654 0.21291924969924478 0.21291924969924478 0.07632855362696857 
0.43781483234069335 0.05717645441720639 0.21701569270767962 0.21701569270767962 0.07097732782674095 
0.29702483486696607 0.15740809877087178 0.194079483795645 0.194079483795645 0.15740809877087178 
0.2 0.2 0.2 0.2 0.2 
0.2 0.2 0.2 0.2 0.2 
0.0908098919662868 0.25602358760707833 0.16803989061731134 0.16803989061731134 0.31708673919201197 
0.3294422650419875 0.11810041426393629 0.21717845321506993 0.21717845321506993 0.11810041426393629 
0.054749875450957323 0.36103997390826914 0.06693900361304718 0.06693900361304718 0.45033214341467925 
0.18364575867622646 0.18364575867622646 0.22453136198566015 0.22453136198566015 0.18364575867622646 
0.04383462509736231 0.2649096344287411 0.13238013651396616 0.13238013651396616 0.4264954674459642 
