0.20746369406361673 0.2575399047701125 0.1099452362667323 0.1675112601294258 0.2575399047701125 
0.2 0.2 0.2 0.2 0.2 
0.18364575867622646 0.18364575867622646 0.22453136198566015 0.22453136198566015 0.18364575867622646 
0.2882349872082956 0.2882349872082956 0.04284429422213386 0.14960217718267002 0.23108355417860488 
0.19829319090211614 0.19829319090211614 0.19829319090211614 0.16218537651713272 0.24293505077651895 
0.14058211171973312 0.1733335443761577 0.21418924080254859 0.06213763554002895 0.40975746756153164 
0.18188812442370433 0.18188812442370433 0.27244750230518255 0.18188812442370433 0.18188812442370433 
0.18188812442370433 0.18188812442370433 0.27244750230518255 0.18188812442370433 0.18188812442370433 
0.26134115907450445 0.26134115907450445 0.04759227746123404 0.26134115907450445 0.1683842453152529 
0.19147430099047413 0.19147430099047413 0.19147430099047413 0.23410279603810322 0.19147430099047413 
0.17666752369980948 0.17666752369980948 0.21782577942843925 0.09547232316204789 0.33336685000989347 
0.22302275006234462 0.22302275006234462 0.14889176582436528 0.22302275006234462 0.1820399839886009 
0.19138277710975451 0.19138277710975451 0.19138277710975451 0.2344688915609822 0.19138277710975451 
0.18364575867622646 0.18364575867622646 0.22453136198566015 0.22453136198566015 0.18364575867622646 
0.2882349872082956 0.2882349872082956 0.04284429422213386 0.14960217718267002 0.23108355417860488 
0.19829319090211614 0.19829319090211614 0.19829319090211614 0.16218537651713272 0.24293505077651895 
0.14058211171973312 0.1733335443761577 0.21418924080254859 0.06213763554002895 0.40975746756153164 
0.18188812442370433 0.18188812442370433 0.27244750230518255 0.18188812442370433 0.18188812442370433 
0.18188812442370433 0.18188812442370433 0.27244750230518255 0.18188812442370433 0.18188812442370433 
0.26134115907450445 0.26134115907450445 0.04759227746123404 0.26134115907450445 0.1683842453152529 
0.17126424110108873 0.17126424110108873 0.3149430355956448 0.17126424110108873 0.17126424110108873 
0.20637139054013018 0.20637139054013018 0.1377751854667747 0.1377751854667747 0.3117068479861904 
0.21571185274517785 0.21571185274517785 0.17643222088223307 0.17643222088223307 0.21571185274517785 
0.12586693838450025 0.12586693838450025 0.4338649795798895 0.18853420526661 0.12586693838450025 
0.22302275006234462 0.22302275006234462 0.14889176582436528 0.22302275006234462 0.1820399839886009 
0.1608129911354928 0.1608129911354928 0.24087937523083602 0.24087937523083602 0.1966152672673423 
0.2 0.2 0.2 0.2 0.2 
0.19681341926575854 0.19681341926575854 0.07055484014786467 0.07055484014786467 0.46526348117275396 
0.2 0.2 0.2 0.2 0.2 
0.2 0.2 0.2 0.2 0.2 
0.2 0.2 0.2 0.2 0.2 
0.22944537897416653 0.22944537897416653 0.12477109909683524 0.22944537897416653 0.1868927639806652 
0.2 0.2 0.2 0.2 0.2 
0.189695409868932 0.189695409868932 0.2328861443321571 0.2328861443321571 0.15483689159782224 
2.4387143321370912E-4 2.4387143321370912E-4 0.0013639406814599504 0.997691187693814 4.571287582984415E-4 
0.727446763695086 0.20833214971621136 5.451214444166635E-9 0.06422057737699674 5.037604911524965E-7 
1.7647268791033E-6 2.418053977287318E-6 8.085742531665511E-10 8.085742531665511E-10 0.9999958156019951 
0.13654841306466758 0.13654841306466758 0.38497584170508864 0.2053789191009083 0.13654841306466758 
0.06291788632036054 0.06291788632036054 0.5678449401646356 0.22874341280241473 0.0775758743922285 
0.0910871182486325 0.0910871182486325 0.18083732342391826 0.5991791847159039 0.037809255362912846 
0.08232459557173512 0.08232459557173512 0.46913822857624043 0.299298181327547 0.06691439895274244 
1.3557376632452713E-16 1.3557376632452713E-16 0.9999999999999996 2.735111227791347E-16 4.434086557087676E-17 
0.013621698775334383 0.013621698775334383 0.9630486833156164 0.003620732337845389 0.006087186795869326 
0.18364575867622646 0.18364575867622646 0.22453136198566015 0.22453136198566015 0.18364575867622646 
0.19637269797579296 0.19637269797579296 0.25593382345019666 0.33474843705120727 0.01657234354700987 
0.2075590111955787 0.2075590111955787 0.16976395521768498 0.2075590111955787 0.2075590111955787 
0.2 0.2 0.2 0.2 0.2 
0.17480934314738608 0.17480934314738608 0.26184430166078543 0.21372766889705624 0.17480934314738608 
0.2 0.2 0.2 0.2 0.2 
0.19147430099047413 0.19147430099047413 0.23410279603810327 0.19147430099047413 0.19147430099047413 
0.19147430099047413 0.19147430099047413 0.19147430099047413 0.23410279603810322 0.19147430099047413 
0.19147430099047413 0.19147430099047413 0.23410279603810327 0.19147430099047413 0.19147430099047413 
0.17497372734020303 0.17497372734020303 0.04036690925356224 0.5349883661029111 0.07469726996312041 
0.27251920224276543 0.27251920224276543 0.14245178100074235 0.2190122507879069 0.09349756372582006 
0.13405425082727937 0.13405425082727937 0.49425669725927857 0.0719832054046119 0.1656515956815507 
0.2724568526821081 0.2724568526821081 0.09131472097683778 0.2724568526821081 0.09131472097683778 
0.2161870714552448 0.2161870714552448 0.17571939281713256 0.2161870714552448 0.17571939281713256 
0.19147430099047413 0.19147430099047413 0.23410279603810327 0.19147430099047413 0.19147430099047413 
0.23350078127964122 0.23350078127964122 0.06599687488143519 0.23350078127964122 0.23350078127964122 
0.22120651685920392 0.1797992570417842 0.1797992570417842 0.27274102755513 0.14645394150209734 
0.20427787993367813 0.20427787993367813 0.20427787993367813 0.13637754109695352 0.2507888191020121 
0.2 0.2 0.2 0.2 0.2 
0.18188812442370433 0.18188812442370433 0.18188812442370433 0.27244750230518255 0.18188812442370433 
0.1994024896654622 0.1994024896654622 0.24811857425033862 0.24811857425033862 0.10495787216839875 
0.1867808290734646 0.1867808290734646 0.15214072107362114 0.12418327018438248 0.3501143505950672 
0.2147937650035992 0.2147937650035992 0.07198876638919695 0.07198876638919695 0.4264349372144078 
0.15923195556792136 0.15923195556792136 0.24260392205938702 0.19632824474538346 0.24260392205938702 
0.19147430099047413 0.19147430099047413 0.23410279603810327 0.19147430099047413 0.19147430099047413 
0.19147430099047413 0.19147430099047413 0.23410279603810327 0.19147430099047413 0.19147430099047413 
0.1698176594089813 0.1371149311122615 0.40911150126655693 0.2108071199149745 0.07314878829722551 
0.16157815382145393 0.16157815382145393 0.30090683290413955 0.1318864758251915 0.24405038362776102 
0.10185469391084949 0.10185469391084949 0.5593097280440604 0.15384305696857406 0.08313782716566663 
0.22302275006234462 0.22302275006234462 0.14889176582436528 0.22302275006234462 0.1820399839886009 
0.18379650560441757 0.18379650560441757 0.09184643871171713 0.48196487316934983 0.05859567691009769 
