0.1764260857557309 0.2185047587355513 0.2712459884152767 0.2712459884152767 0.06257717867816423 
0.19147430099047413 0.19147430099047413 0.19147430099047413 0.19147430099047413 0.23410279603810327 
0.23410279603810327 0.19147430099047413 0.19147430099047413 0.19147430099047413 0.19147430099047413 
0.12345764225313652 0.3683620810315492 0.23618222209115203 0.23618222209115203 0.03581583253301017 
0.16678424679364126 0.16678424679364126 0.2498236298095381 0.2498236298095381 0.16678424679364126 
0.05302690601326139 0.06483244434756687 0.34967810621986234 0.34967810621986234 0.18278443719944704 
0.2137276688970563 0.17480934314738605 0.17480934314738605 0.17480934314738605 0.26184430166078543 
0.2137276688970563 0.17480934314738605 0.17480934314738605 0.17480934314738605 0.26184430166078543 
0.2217268216494592 0.3458166864556979 0.17819254522196146 0.17819254522196146 0.07607140145091995 
0.23410279603810327 0.19147430099047413 0.19147430099047413 0.19147430099047413 0.19147430099047413 
0.09535067608354375 0.09535067608354375 0.3329420870835216 0.3329420870835216 0.1434144736658694 
0.22085919299300535 0.271145442749465 0.18027400319000134 0.18027400319000134 0.14744735787752716 
0.21586713904286245 0.21586713904286245 0.17619929143570645 0.17619929143570645 0.21586713904286245 
0.23410279603810327 0.19147430099047413 0.19147430099047413 0.19147430099047413 0.19147430099047413 
0.12345764225313652 0.3683620810315492 0.23618222209115203 0.23618222209115203 0.03581583253301017 
0.16678424679364126 0.16678424679364126 0.2498236298095381 0.2498236298095381 0.16678424679364126 
0.05302690601326139 0.06483244434756687 0.34967810621986234 0.34967810621986234 0.18278443719944704 
0.2137276688970563 0.17480934314738605 0.17480934314738605 0.17480934314738605 0.26184430166078543 
0.2137276688970563 0.17480934314738605 0.17480934314738605 0.17480934314738605 0.26184430166078543 
0.2217268216494592 0.3458166864556979 0.17819254522196146 0.17819254522196146 0.07607140145091995 
0.17126424110108873 0.17126424110108873 0.17126424110108873 0.17126424110108873 0.3149430355956448 
0.1328928032303776 0.1328928032303776 0.3006607951544335 0.3006607951544335 0.1328928032303776 
0.17643222088223307 0.17643222088223307 0.21571185274517785 0.21571185274517785 0.21571185274517785 
0.24106244780871772 0.13108839541045503 0.13108839541045503 0.13108839541045503 0.3656723659599173 
0.22085919299300535 0.271145442749465 0.18027400319000134 0.18027400319000134 0.14744735787752716 
0.271145442749465 0.14744735787752714 0.18027400319000134 0.18027400319000134 0.22085919299300535 
0.2 0.2 0.2 0.2 0.2 
0.0609334845328105 0.0744992880385818 0.4018168714478987 0.4018168714478987 0.0609334845328105 
0.17126424110108873 0.17126424110108873 0.17126424110108873 0.17126424110108873 0.3149430355956448 
0.2 0.2 0.2 0.2 0.2 
0.2075590111955787 0.2075590111955787 0.2075590111955787 0.2075590111955787 0.16976395521768498 
0.21322885305715092 0.3234510389199997 0.17368373199080592 0.17368373199080592 0.1159526440412374 
0.2 0.2 0.2 0.2 0.2 
0.23096172133786688 0.23096172133786688 0.15355741799319986 0.15355741799319986 0.23096172133786688 
0.9999486071541118 3.129846500622552E-6 7.202569879351688E-6 7.202569879351688E-6 3.385785962907084E-5 
4.434086557087679E-17 1.0 6.002902929417874E-20 6.002902929417874E-20 2.0586489068619134E-22 
2.184804080435513E-10 8.171769860952349E-10 0.4999999994238933 0.4999999994238933 1.1655606712870966E-10 
0.23422663694137164 0.155728132720886 0.12737112013147503 0.12737112013147503 0.3553029900747922 
0.24132853523636447 0.04234844413244035 0.05221436661106307 0.05221436661106307 0.6118942874090693 
0.6372405524095696 0.15001480451461696 0.03136491928059809 0.03136491928059809 0.15001480451461696 
0.0018584477760407658 5.040555357170562E-4 3.32288880929021E-4 3.32288880929021E-4 0.9969729189263842 
1.820015565060293E-12 2.9301629246259805E-12 3.7384972845220705E-13 3.7384972845220705E-13 0.9999999999945022 
0.04481469745229646 0.6475292758635248 0.12501103851220166 0.12501103851220166 0.05763394965977491 
0.2498236298095381 0.16678424679364126 0.16678424679364126 0.16678424679364126 0.2498236298095381 
0.055242716199522354 0.8924696856945554 0.004805122624078754 0.004805122624078754 0.04267735285776467 
0.2075590111955787 0.2075590111955787 0.2075590111955787 0.2075590111955787 0.16976395521768498 
0.2 0.2 0.2 0.2 0.2 
0.2498236298095381 0.16678424679364126 0.16678424679364126 0.16678424679364126 0.2498236298095381 
0.2 0.2 0.2 0.2 0.2 
0.2 0.2 0.2 0.2 0.2 
0.23410279603810327 0.19147430099047413 0.19147430099047413 0.19147430099047413 0.19147430099047413 
0.2 0.2 0.2 0.2 0.2 
0.49840188210868525 0.3163476358062206 0.06958891500612237 0.06958891500612237 0.04607265207284971 
0.1814671998918985 0.5480291582542186 0.09616841277616124 0.09616841277616124 0.07816681630156033 
0.05577038988274629 0.08423654265163925 0.1283417989506093 0.1283417989506093 0.6033094695643958 
0.16033958038954652 0.6273213593233824 0.08381302529667486 0.08381302529667486 0.0447130096937214 
0.22120651685920392 0.2727410275551301 0.1797992570417842 0.1797992570417842 0.14645394150209734 
0.2 0.2 0.2 0.2 0.2 
0.24775398013532968 0.19958055037614653 0.24775398013532968 0.24775398013532968 0.057157509217864284 
0.22883716431033943 0.2821493879248125 0.1515059553907434 0.1515059553907434 0.18600153698336114 
0.13935833216065807 0.13935833216065807 0.25627028668709545 0.25627028668709545 0.20874276230449285 
0.2 0.2 0.2 0.2 0.2 
0.27244750230518255 0.18188812442370433 0.18188812442370433 0.18188812442370433 0.18188812442370433 
0.1810488893578645 0.43616890720095114 0.11829945130375061 0.11829945130375061 0.14618330083368303 
0.13479366429446082 0.11002391676664848 0.3101943773222149 0.3101943773222149 0.13479366429446082 
0.05449409073759193 0.10352970330512369 0.39888939617693897 0.39888939617693897 0.04419741360340631 
0.16706478264773345 0.05861683528615275 0.13489219109339218 0.13489219109339218 0.5045339998793295 
0.19147430099047413 0.19147430099047413 0.19147430099047413 0.19147430099047413 0.23410279603810327 
0.18188812442370433 0.18188812442370433 0.18188812442370433 0.18188812442370433 0.27244750230518255 
0.22269976625294774 0.2771076157638153 0.07727546423502607 0.07727546423502607 0.34564168951318486 
0.13569845015939114 0.11098870380655795 0.25110428201135027 0.25110428201135027 0.25110428201135027 
0.23183579814206734 0.12448903167796158 0.10161286831535128 0.10161286831535128 0.44044943354926835 
0.22085919299300535 0.271145442749465 0.18027400319000134 0.18027400319000134 0.14744735787752716 
0.4414915940583097 0.3454186392569203 0.053675071035467044 0.053675071035467044 0.10573962461383604 
