0.21403548953318494 0.09219557475026607 0.21403548953318494 0.21403548953318494 0.2656979566501789 
0.12464558568048832 0.18670475931077338 0.28200203466412505 0.28200203466412505 0.12464558568048832 
0.16826091023203954 0.2520355018974585 0.20572133881923121 0.20572133881923121 0.16826091023203954 
0.47814129943018724 0.046489662181164425 0.046489662181164425 0.046489662181164425 0.3823897140263191 
0.18188812442370433 0.18188812442370433 0.18188812442370433 0.18188812442370433 0.27244750230518255 
0.12093146915844531 0.12093146915844531 0.12093146915844531 0.12093146915844531 0.5162741233662188 
0.2 0.2 0.2 0.2 0.2 
0.2 0.2 0.2 0.2 0.2 
0.47222301093751157 0.056136248615806204 0.08443307252230055 0.08443307252230055 0.3027745954020809 
0.19147430099047413 0.23410279603810327 0.19147430099047413 0.19147430099047413 0.19147430099047413 
0.13428202594165645 0.13428202594165645 0.13428202594165645 0.13428202594165645 0.46287189623337455 
0.1368375417571888 0.1368375417571888 0.3176734926361855 0.3176734926361855 0.09097793121325132 
0.26184430166078543 0.17480934314738605 0.17480934314738605 0.17480934314738605 0.2137276688970563 
0.16826091023203954 0.2520355018974585 0.20572133881923121 0.20572133881923121 0.16826091023203954 
0.47814129943018724 0.046489662181164425 0.046489662181164425 0.046489662181164425 0.3823897140263191 
0.18188812442370433 0.18188812442370433 0.18188812442370433 0.18188812442370433 0.27244750230518255 
0.12093146915844531 0.12093146915844531 0.12093146915844531 0.12093146915844531 0.5162741233662188 
0.2 0.2 0.2 0.2 0.2 
0.2 0.2 0.2 0.2 0.2 
0.47222301093751157 0.056136248615806204 0.08443307252230055 0.08443307252230055 0.3027745954020809 
0.2 0.2 0.2 0.2 0.2 
0.17126424110108873 0.17126424110108873 0.17126424110108873 0.17126424110108873 0.3149430355956448 
0.18364575867622646 0.22453136198566015 0.18364575867622646 0.18364575867622646 0.22453136198566015 
0.08079356788790781 0.14857375575676263 0.3449195542337108 0.3449195542337108 0.08079356788790781 
0.2803483382118881 0.18639264855290003 0.1524518403685391 0.1524518403685391 0.22835533249813364 
0.16976395521768495 0.2075590111955787 0.2075590111955787 0.2075590111955787 0.2075590111955787 
0.2 0.2 0.2 0.2 0.2 
0.12093146915844531 0.12093146915844531 0.12093146915844531 0.12093146915844531 0.5162741233662188 
0.2 0.2 0.2 0.2 0.2 
0.2 0.2 0.2 0.2 0.2 
0.22453136198566015 0.18364575867622646 0.18364575867622646 0.18364575867622646 0.22453136198566015 
0.27693833834995407 0.27693833834995407 0.14870777443336386 0.14870777443336386 0.14870777443336386 
0.2 0.2 0.2 0.2 0.2 
0.22103155461965 0.271934495825114 0.1800393555734274 0.1800393555734274 0.14695523840838146 
0.029372227639793313 0.08561181409990955 0.4244004394839288 0.4244004394839288 0.03621507929243944 
1.0 5.222802226033505E-31 6.411954163101516E-31 6.411954163101516E-31 2.4604898194635813E-25 
2.6231628556409637E-7 1.41757492614193E-7 2.1321376026369393E-7 2.1321376026369393E-7 0.9999991694987013 
6.34970815475178E-12 0.9999999893630872 5.312690037677836E-9 5.312690037677836E-9 5.182882779896558E-12 
4.863209612698015E-11 9.439258771678467E-9 0.4999999952317386 0.4999999952317386 4.863209612698015E-11 
0.14495315432179717 0.057783793768882055 0.38010694712861315 0.38010694712861315 0.03704915765209446 
0.08293283228557367 0.08293283228557367 0.3898508783949449 0.3898508783949449 0.05443257863896263 
0.5284820045279853 0.06583842072940256 0.16177901949405935 0.16177901949405935 0.08212153575449345 
0.7952597896113707 0.001770099659203287 0.00143563872152266 0.00143563872152266 0.20009883328638114 
0.12464558568048832 0.18670475931077338 0.28200203466412505 0.28200203466412505 0.12464558568048832 
0.9704925413438072 0.0012650694435408772 0.007803423759136116 0.007803423759136116 0.012635541694379698 
0.26184430166078543 0.17480934314738605 0.17480934314738605 0.17480934314738605 0.2137276688970563 
0.2 0.2 0.2 0.2 0.2 
0.17643222088223307 0.21571185274517785 0.21571185274517785 0.21571185274517785 0.17643222088223307 
0.2 0.2 0.2 0.2 0.2 
0.19147430099047413 0.23410279603810327 0.19147430099047413 0.19147430099047413 0.19147430099047413 
0.2 0.2 0.2 0.2 0.2 
0.2 0.2 0.2 0.2 0.2 
0.6443911590393413 0.06110814836425167 0.06110814836425167 0.06110814836425167 0.1722843958679038 
0.6590583306662924 0.062499048421291316 0.0511184052969994 0.0511184052969994 0.17620581031841748 
0.23438577589978352 0.15517951821645115 0.12666365652645178 0.12666365652645178 0.3571073928308618 
0.7975190462532491 0.02439645839278434 0.02439645839278434 0.02439645839278434 0.12929157856839776 
0.3553029900747922 0.155728132720886 0.12737112013147503 0.12737112013147503 0.23422663694137166 
0.2 0.2 0.2 0.2 0.2 
0.3396635305046012 0.07956240280965737 0.07956240280965737 0.07956240280965737 0.42164926106642653 
0.33892160450402836 0.18199097247955007 0.14854822526843564 0.14854822526843564 0.18199097247955007 
0.16497393840375685 0.20170257864348456 0.16497393840375685 0.16497393840375685 0.30337560614524467 
0.2 0.2 0.2 0.2 0.2 
0.17643222088223307 0.21571185274517785 0.21571185274517785 0.21571185274517785 0.17643222088223307 
0.6356463732349267 0.07384949035954672 0.060278873069496836 0.060278873069496836 0.16994639026653305 
0.12932159074624627 0.1937088773914259 0.15811284242942708 0.15811284242942708 0.3607438470034735 
0.14617444786818734 0.06296449838483853 0.11802482391745495 0.11802482391745495 0.5548114059120638 
0.14063080521233717 0.17265028195915083 0.21241115305647673 0.21241115305647673 0.26189660671555826 
0.2 0.2 0.2 0.2 0.2 
0.17643222088223307 0.21571185274517785 0.21571185274517785 0.21571185274517785 0.17643222088223307 
0.4546434781600592 0.08279414783021405 0.15418745800324213 0.15418745800324213 0.15418745800324213 
0.17126424110108873 0.17126424110108873 0.17126424110108873 0.17126424110108873 0.3149430355956448 
0.09612821696457906 0.14519368907743477 0.34010722181274233 0.34010722181274233 0.07846365033250154 
0.27326558595583417 0.18168360351104154 0.18168360351104154 0.18168360351104154 0.18168360351104154 
0.6433197279648216 0.020689714779461056 0.12018258945576037 0.12018258945576037 0.09562537834419658 
