0.28299952288839425 0.18321227971523266 0.22743484484619053 0.22743484484619053 0.0789185077039921 
0.46287189623337455 0.13428202594165645 0.13428202594165645 0.13428202594165645 0.13428202594165645 
0.19147430099047413 0.19147430099047413 0.19147430099047413 0.19147430099047413 0.23410279603810327 
0.055866890303838075 0.4699571453651761 0.1950740133224518 0.1950740133224518 0.084027937686082 
0.17164273380881 0.14038778277038017 0.258163374806 0.258163374806 0.17164273380881 
0.03270638579459732 0.03270638579459732 0.42167622207065086 0.42167622207065086 0.09123478426950349 
0.2 0.2 0.2 0.2 0.2 
0.2 0.2 0.2 0.2 0.2 
0.155805514535594 0.46487882421118076 0.155805514535594 0.155805514535594 0.0677046321820371 
0.19147430099047413 0.19147430099047413 0.19147430099047413 0.19147430099047413 0.23410279603810327 
0.05730286038567946 0.05730286038567946 0.3778752563016674 0.3778752563016674 0.1296437666253063 
0.6296035900970317 0.14076111529634008 0.0765450982022093 0.0765450982022093 0.0765450982022093 
0.2137276688970563 0.26184430166078543 0.17480934314738608 0.17480934314738608 0.17480934314738608 
0.19147430099047413 0.19147430099047413 0.19147430099047413 0.19147430099047413 0.23410279603810327 
0.055866890303838075 0.4699571453651761 0.1950740133224518 0.1950740133224518 0.084027937686082 
0.17164273380881 0.14038778277038017 0.258163374806 0.258163374806 0.17164273380881 
0.03270638579459732 0.03270638579459732 0.42167622207065086 0.42167622207065086 0.09123478426950349 
0.2 0.2 0.2 0.2 0.2 
0.2 0.2 0.2 0.2 0.2 
0.155805514535594 0.46487882421118076 0.155805514535594 0.155805514535594 0.0677046321820371 
0.2 0.2 0.2 0.2 0.2 
0.11016971475685718 0.11016971475685718 0.3073195009072185 0.3073195009072185 0.16502156867184872 
0.1608129911354928 0.1608129911354928 0.24087937523083602 0.24087937523083602 0.1966152672673423 
0.6728086840532764 0.08179782898668078 0.08179782898668078 0.08179782898668078 0.08179782898668078 
0.15420048366210765 0.3488679514922727 0.15420048366210765 0.15420048366210765 0.18853059752140414 
0.1682609102320395 0.1682609102320395 0.20572133881923121 0.20572133881923121 0.2520355018974585 
0.2 0.2 0.2 0.2 0.2 
0.03270638579459732 0.03270638579459732 0.42167622207065086 0.42167622207065086 0.09123478426950349 
0.2 0.2 0.2 0.2 0.2 
0.2 0.2 0.2 0.2 0.2 
0.16976395521768495 0.2075590111955787 0.2075590111955787 0.2075590111955787 0.2075590111955787 
0.11768573219745768 0.3282855053463972 0.14388645796694616 0.14388645796694616 0.2662558465222524 
0.2 0.2 0.2 0.2 0.2 
0.1573680011869796 0.23669312047988367 0.1573680011869796 0.1573680011869796 0.2912028759591775 
0.9159391613712067 0.007781347127619209 0.02717063013502883 0.02717063013502883 0.021938231231116427 
0.0 0.1 0.0 0.0 0.0 
1.1669670996164727E-17 1.1669670996164727E-17 0.49999999999999145 0.49999999999999145 1.7007951434198488E-14 
4.261655433252108E-10 5.210440500445675E-10 8.70180422069217E-9 8.70180422069217E-9 0.9999999816491819 
1.0 1.8052449530037172E-23 1.8052449530037172E-23 1.8052449530037172E-23 1.1951964277455776E-23 
0.9805697576939257 0.015138463402154767 0.0013275034204171155 0.0013275034204171155 0.0016367720630851208 
0.8508173457302561 0.057138137140085615 0.03068150570988606 0.03068150570988606 0.03068150570988606 
0.3549787280991358 0.5747923806217908 0.01996886426258065 0.01996886426258065 0.0302911627539121 
0.0012437651483937111 0.918715892879101 0.03719312472351149 0.03719312472351149 0.005654092525482054 
0.46287189623337455 0.13428202594165645 0.13428202594165645 0.13428202594165645 0.13428202594165645 
0.0419701292191326 0.9570728999038077 3.1899029235317873E-4 3.1899029235317873E-4 3.1899029235317873E-4 
0.18188812442370433 0.27244750230518255 0.18188812442370433 0.18188812442370433 0.18188812442370433 
0.23410279603810327 0.19147430099047413 0.19147430099047413 0.19147430099047413 0.19147430099047413 
0.19147430099047413 0.19147430099047413 0.19147430099047413 0.19147430099047413 0.23410279603810327 
0.2 0.2 0.2 0.2 0.2 
0.19147430099047413 0.19147430099047413 0.19147430099047413 0.19147430099047413 0.23410279603810327 
0.2 0.2 0.2 0.2 0.2 
0.2 0.2 0.2 0.2 0.2 
0.05842687097018048 0.7532847674714594 0.05842687097018048 0.05842687097018048 0.0714346196179989 
0.048956345912953905 0.7932753189568118 0.048956345912953905 0.048956345912953905 0.05985564330432642 
0.07110780218302548 0.16087649463583248 0.3035696042726546 0.3035696042726546 0.16087649463583248 
0.027255418825971274 0.8909783246961148 0.027255418825971274 0.027255418825971274 0.027255418825971274 
0.1340948351878152 0.374058859234635 0.16394876852584983 0.16394876852584983 0.16394876852584983 
0.2 0.2 0.2 0.2 0.2 
0.06818954493101341 0.23810181887661946 0.29557325697802206 0.29557325697802206 0.10256212223632272 
0.1372232489402939 0.3827856001104269 0.1372232489402939 0.1372232489402939 0.20554465306869155 
0.10618021822534521 0.10618021822534521 0.29619076116561893 0.29619076116561893 0.19525804121807178 
0.2 0.2 0.2 0.2 0.2 
0.19147430099047413 0.19147430099047413 0.19147430099047413 0.19147430099047413 0.23410279603810327 
0.056066600838100486 0.7228543249697358 0.06854887550264299 0.06854887550264299 0.08398132318687784 
0.06498266835078163 0.06498266835078163 0.3443824359827642 0.3443824359827642 0.18126979133290824 
0.09881717626626699 0.06397367724858165 0.3866177346182849 0.3866177346182849 0.06397367724858165 
0.184881226904964 0.09927580251747241 0.28294755745162004 0.28294755745162004 0.14994785567432325 
0.23410279603810327 0.19147430099047413 0.19147430099047413 0.19147430099047413 0.19147430099047413 
0.22453136198566015 0.18364575867622646 0.18364575867622646 0.18364575867622646 0.22453136198566015 
0.3207048003323462 0.4977506303080527 0.060514856453200386 0.060514856453200386 0.060514856453200386 
0.11016971475685718 0.11016971475685718 0.3073195009072185 0.3073195009072185 0.16502156867184872 
0.6353624476046481 0.11570449140859852 0.0772452408322491 0.0772452408322491 0.09444257932225517 
0.16497393840375685 0.30337560614524467 0.16497393840375685 0.16497393840375685 0.20170257864348454 
0.3068871555912681 0.6408270265358118 0.020609547361372185 0.020609547361372185 0.01106672315017584 
