0.21549108728327704 0.32831966898418713 0.09524758505852837 0.09524758505852837 0.2656940736154793 
0.15968239858692226 0.3612704056523108 0.15968239858692226 0.15968239858692226 0.15968239858692226 
0.17619929143570645 0.17619929143570645 0.21586713904286245 0.21586713904286245 0.21586713904286245 
0.3488679514922727 0.15420048366210765 0.15420048366210765 0.15420048366210765 0.18853059752140414 
0.27244750230518255 0.18188812442370433 0.18188812442370433 0.18188812442370433 0.18188812442370433 
0.46287189623337455 0.13428202594165645 0.13428202594165645 0.13428202594165645 0.13428202594165645 
0.19147430099047413 0.19147430099047413 0.19147430099047413 0.19147430099047413 0.23410279603810327 
0.19147430099047413 0.19147430099047413 0.19147430099047413 0.19147430099047413 0.23410279603810327 
0.18487274187727995 0.18487274187727995 0.10053275119422157 0.10053275119422157 0.4291890138569969 
0.19829319090211614 0.16218537651713266 0.19829319090211614 0.19829319090211614 0.24293505077651895 
0.3978113247766285 0.14260975970711393 0.14260975970711393 0.14260975970711393 0.1743593961020298 
0.12093146915844531 0.5162741233662188 0.12093146915844531 0.12093146915844531 0.12093146915844531 
0.18188812442370433 0.18188812442370433 0.18188812442370433 0.18188812442370433 0.27244750230518255 
0.17619929143570645 0.17619929143570645 0.21586713904286245 0.21586713904286245 0.21586713904286245 
0.3488679514922727 0.15420048366210765 0.15420048366210765 0.15420048366210765 0.18853059752140414 
0.27244750230518255 0.18188812442370433 0.18188812442370433 0.18188812442370433 0.18188812442370433 
0.46287189623337455 0.13428202594165645 0.13428202594165645 0.13428202594165645 0.13428202594165645 
0.19147430099047413 0.19147430099047413 0.19147430099047413 0.19147430099047413 0.23410279603810327 
0.19147430099047413 0.19147430099047413 0.19147430099047413 0.19147430099047413 0.23410279603810327 
0.18487274187727995 0.18487274187727995 0.10053275119422157 0.10053275119422157 0.4291890138569969 
0.2 0.2 0.2 0.2 0.2 
0.3149430355956448 0.17126424110108873 0.17126424110108873 0.17126424110108873 0.17126424110108873 
0.21571185274517785 0.17643222088223307 0.21571185274517785 0.21571185274517785 0.17643222088223307 
0.09331701548384053 0.3983839830883848 0.09331701548384053 0.09331701548384053 0.3216649704600934 
0.21571185274517785 0.17643222088223307 0.21571185274517785 0.21571185274517785 0.17643222088223307 
0.17610164953083027 0.14374112709128128 0.17610164953083027 0.17610164953083027 0.3279539243162278 
0.2 0.2 0.2 0.2 0.2 
0.5162741233662188 0.12093146915844531 0.12093146915844531 0.12093146915844531 0.12093146915844531 
0.2 0.2 0.2 0.2 0.2 
0.2 0.2 0.2 0.2 0.2 
0.23410279603810327 0.19147430099047413 0.19147430099047413 0.19147430099047413 0.19147430099047413 
0.16055656062344129 0.13077996830575803 0.3009578458094536 0.3009578458094536 0.10674777945189327 
0.2 0.2 0.2 0.2 0.2 
0.14719365764488876 0.11989533038612352 0.2759095358645362 0.2759095358645362 0.18109194023991554 
1.3215020736869799E-18 1.2532542894197281E-17 1.069431113693367E-18 1.069431113693367E-18 1.0 
0.08038211393918236 0.08038211393918236 0.06547456094286389 0.06547456094286389 0.7082866502359073 
0.9999830575051132 3.842596910824824E-6 2.0895824622543348E-6 2.0895824622543348E-6 8.920733051612327E-6 
1.1312154904025626E-20 1.067067363056349E-23 0.5 0.5 1.078811159517838E-26 
1.8987948644273123E-10 0.9999999905266109 3.5361237610180154E-10 3.5361237610180154E-10 8.576284605202809E-9 
0.007380574118456871 0.1400506742632556 0.009120217167477853 0.009120217167477853 0.8343283172833319 
0.029510046990296166 0.2540024887382198 0.0362290319379858 0.0362290319379858 0.6440294003955124 
0.06900574984181437 0.40084118083437975 0.10560838812420617 0.10560838812420617 0.31893629307539323 
0.5021229049880243 0.07010845948254092 0.08644163630923249 0.08644163630923249 0.25488536291096964 
0.14081806755833332 0.31859115870106947 0.14081806755833332 0.14081806755833332 0.25895463862393014 
0.033279309008889424 0.591593323919315 0.04094343964739956 0.04094343964739956 0.2932404877769964 
0.2 0.2 0.2 0.2 0.2 
0.2 0.2 0.2 0.2 0.2 
0.16794486262638186 0.16794486262638186 0.20575438593822215 0.20575438593822215 0.2526015028707924 
0.2 0.2 0.2 0.2 0.2 
0.21571185274517785 0.17643222088223307 0.21571185274517785 0.21571185274517785 0.17643222088223307 
0.19147430099047413 0.19147430099047413 0.19147430099047413 0.19147430099047413 0.23410279603810327 
0.2 0.2 0.2 0.2 0.2 
0.04727915877154734 0.04727915877154734 0.05792314292076073 0.05792314292076073 0.7895953966153838 
0.19829319090211614 0.16218537651713266 0.19829319090211614 0.19829319090211614 0.24293505077651895 
0.3483441755517256 0.1526781071880302 0.18705061708597026 0.18705061708597026 0.12487648308830357 
0.18188812442370433 0.18188812442370433 0.18188812442370433 0.18188812442370433 0.27244750230518255 
0.18789995867687906 0.1536846797760521 0.18789995867687906 0.18789995867687906 0.28261544419331086 
0.2 0.2 0.2 0.2 0.2 
0.2142040711261039 0.09467872078461574 0.09467872078461574 0.09467872078461574 0.5017597665200488 
0.15871204180355789 0.15871204180355789 0.19444297486455384 0.19444297486455384 0.29368996666377695 
0.292627785487911 0.15912933433150755 0.19455677292453685 0.19455677292453685 0.15912933433150755 
0.2 0.2 0.2 0.2 0.2 
0.14854822526843564 0.14854822526843564 0.18199097247955007 0.18199097247955007 0.33892160450402836 
0.19825833287944997 0.16182628782441608 0.19825833287944997 0.19825833287944997 0.24339871353723436 
0.33839240126878983 0.12002557142739462 0.18052734243460516 0.18052734243460516 0.18052734243460516 
0.44328604030893104 0.23171536322978678 0.1006909382197499 0.1006909382197499 0.1236167200217822 
0.15216111750140987 0.12341022216427389 0.08170606234495015 0.08170606234495015 0.5610165356444159 
0.2 0.2 0.2 0.2 0.2 
0.18981930412587236 0.18981930412587236 0.232553433006913 0.232553433006913 0.15525452573442944 
0.10826585003849666 0.3020086515841289 0.10826585003849666 0.10826585003849666 0.3731937983003813 
0.30337560614524467 0.16497393840375685 0.16497393840375685 0.16497393840375685 0.20170257864348454 
0.09584245259427226 0.33465925474908836 0.1174195189537755 0.1174195189537755 0.33465925474908836 
0.17619929143570645 0.17619929143570645 0.21586713904286245 0.21586713904286245 0.21586713904286245 
0.026229389422367147 0.18389478920577462 0.017438895466772245 0.017438895466772245 0.7549980304383138 
