0.11846327937001108 0.2774928930407823 0.14606168480783116 0.18048924974059322 0.2774928930407823 
0.14081806755833332 0.14081806755833332 0.25895463862393014 0.31859115870106947 0.14081806755833332 
0.21571185274517785 0.17643222088223307 0.21571185274517785 0.21571185274517785 0.17643222088223307 
0.10922780888471464 0.39710713818328386 0.048278957374358646 0.048278957374358646 0.39710713818328386 
0.24087937523083602 0.19661526726734233 0.16081299113549283 0.16081299113549283 0.24087937523083602 
0.2756360359968088 0.2230596219404152 0.07996373432341061 0.07996373432341061 0.3413768734159546 
0.2 0.2 0.2 0.2 0.2 
0.2 0.2 0.2 0.2 0.2 
0.09356369670003027 0.41849653735032977 0.07621150603554372 0.07621150603554372 0.33551675387855256 
0.22453136198566015 0.18364575867622646 0.22453136198566015 0.18364575867622646 0.18364575867622646 
0.2656940736154793 0.21549108728327704 0.09524758505852837 0.09524758505852837 0.3283196689841871 
0.10043144439797627 0.15043475909065152 0.28015450013549265 0.3461884997933072 0.12279079658257216 
0.18364575867622646 0.22453136198566015 0.18364575867622646 0.18364575867622646 0.22453136198566015 
0.21571185274517785 0.17643222088223307 0.21571185274517785 0.21571185274517785 0.17643222088223307 
0.10922780888471464 0.39710713818328386 0.048278957374358646 0.048278957374358646 0.39710713818328386 
0.24087937523083602 0.19661526726734233 0.16081299113549283 0.16081299113549283 0.24087937523083602 
0.2756360359968088 0.2230596219404152 0.07996373432341061 0.07996373432341061 0.3413768734159546 
0.2 0.2 0.2 0.2 0.2 
0.2 0.2 0.2 0.2 0.2 
0.09356369670003027 0.41849653735032977 0.07621150603554372 0.07621150603554372 0.33551675387855256 
0.2 0.2 0.2 0.2 0.2 
0.25627028668709545 0.20874276230449285 0.13935833216065807 0.13935833216065807 0.25627028668709545 
0.2075590111955787 0.2075590111955787 0.2075590111955787 0.16976395521768498 0.2075590111955787 
0.10826585003849666 0.10826585003849666 0.3020086515841289 0.3731937983003814 0.10826585003849666 
0.18347744683615302 0.22478382974577063 0.18347744683615302 0.18347744683615302 0.22478382974577063 
0.24293505077651895 0.1621853765171327 0.19829319090211614 0.19829319090211614 0.19829319090211614 
0.2 0.2 0.2 0.2 0.2 
0.32031884434742214 0.2093000606794689 0.0750311253128434 0.0750311253128434 0.32031884434742214 
0.2 0.2 0.2 0.2 0.2 
0.2 0.2 0.2 0.2 0.2 
0.21571185274517785 0.21571185274517785 0.17643222088223307 0.17643222088223307 0.21571185274517785 
0.21602551436446055 0.21602551436446055 0.21602551436446055 0.17596172845330926 0.17596172845330926 
0.2 0.2 0.2 0.2 0.2 
0.22504153004531394 0.18330564663645743 0.22504153004531394 0.18330564663645743 0.18330564663645743 
0.06825391646864253 0.044798140533816595 0.3208481919147501 0.5108649819845139 0.05523476909827702 
7.828973122844468E-10 0.9989900130789473 7.828973122844468E-10 7.828973122844468E-10 0.0010099845723606203 
0.08265509714973901 0.003588832942555385 3.786740275830908E-7 4.6489229393314023E-7 0.9137552263413841 
0.7718765651215138 2.61096543390648E-7 0.22392620892486664 0.004196703760533078 2.61096543390648E-7 
9.857421865222347E-9 1.4888817150656003E-8 0.006900566896856625 0.9930993934680871 1.4888817150656003E-8 
0.03206106393008581 0.11820882568744429 0.29653196916430224 0.47740634678736377 0.07579179443080376 
0.06105616197280109 0.09222026245433139 0.3352747334188781 0.4192285796996578 0.09222026245433139 
0.05535161676669633 0.3215269376351326 0.20408086369687448 0.2558285288945967 0.16321205300669978 
0.016625964865713227 0.5555391990947004 0.0023213854069728318 0.0023213854069728318 0.42319206522564035 
0.14081806755833332 0.14081806755833332 0.25895463862393014 0.31859115870106947 0.14081806755833332 
0.005202815172162142 0.684543794320684 0.04584458344645471 0.072995244750151 0.19141356231054799 
0.18364575867622646 0.22453136198566015 0.18364575867622646 0.18364575867622646 0.22453136198566015 
0.2 0.2 0.2 0.2 0.2 
0.21571185274517785 0.17643222088223307 0.21571185274517785 0.21571185274517785 0.17643222088223307 
0.2 0.2 0.2 0.2 0.2 
0.22453136198566015 0.18364575867622646 0.22453136198566015 0.18364575867622646 0.18364575867622646 
0.2 0.2 0.2 0.2 0.2 
0.2 0.2 0.2 0.2 0.2 
0.09848414090364659 0.4268877042224407 0.09848414090364659 0.09848414090364659 0.2776598730666193 
0.10028253557440264 0.4346829955783966 0.10028253557440264 0.08202178156614506 0.28273015170665294 
0.24317297465244403 0.24317297465244403 0.10658191551621034 0.10658191551621034 0.30049021966269074 
0.05380828246222835 0.5534125414019522 0.05380828246222835 0.05380828246222835 0.2851626112113627 
0.16693526886622678 0.30890670292688366 0.13653751453534568 0.13653751453534568 0.25108299913619786 
0.2 0.2 0.2 0.2 0.2 
0.15223293055884118 0.3565962088969767 0.06728732582360274 0.06728732582360274 0.3565962088969767 
0.16644063976223641 0.2503390403566456 0.16644063976223641 0.16644063976223641 0.2503390403566456 
0.2412974146702102 0.19654673792398214 0.16042921636779894 0.16042921636779894 0.2412974146702102 
0.2 0.2 0.2 0.2 0.2 
0.21571185274517785 0.17643222088223307 0.21571185274517785 0.21571185274517785 0.17643222088223307 
0.11085671649783625 0.39221750967517294 0.09048563382279906 0.09048563382279906 0.31595450618139254 
0.3192869752697374 0.17033488016666448 0.13874481455670346 0.11324900178723109 0.2583843282196633 
0.16771201746740597 0.26157238771532226 0.07094469466315752 0.08766676031209392 0.4121041398420206 
0.2421594200382119 0.19640331457088916 0.15963892267634336 0.15963892267634336 0.2421594200382119 
0.2 0.2 0.2 0.2 0.2 
0.21571185274517785 0.17643222088223307 0.21571185274517785 0.21571185274517785 0.17643222088223307 
0.08502400136164265 0.29307884253036093 0.19236093479258956 0.19236093479258956 0.2371752865228175 
0.25627028668709545 0.20874276230449285 0.13935833216065807 0.13935833216065807 0.25627028668709545 
0.10739869394295998 0.10739869394295998 0.30279299239557855 0.3750109257755409 0.10739869394295998 
0.19138277710975451 0.2344688915609822 0.19138277710975451 0.19138277710975451 0.19138277710975451 
0.03203094296395447 0.4493925776456783 0.11486204998280693 0.17914482888931033 0.2245696005182499 
