0.11574111260915247 0.1763417886965547 0.2184003563253381 0.2184003563253381 0.27111638604361626 
0.24106244780871772 0.13108839541045503 0.13108839541045503 0.13108839541045503 0.3656723659599173 
0.2075590111955787 0.2075590111955787 0.2075590111955787 0.2075590111955787 0.16976395521768498 
0.07596952891548112 0.32432502653214934 0.261867957818444 0.261867957818444 0.07596952891548112 
0.14974854996483358 0.14974854996483358 0.27537717505274945 0.27537717505274945 0.14974854996483358 
0.05141248956673958 0.05141248956673958 0.42288126564989065 0.42288126564989065 0.05141248956673958 
0.2 0.2 0.2 0.2 0.2 
0.2 0.2 0.2 0.2 0.2 
0.08738559247401881 0.4798562548761084 0.16273810073275766 0.16273810073275766 0.10728195118435725 
0.22453136198566015 0.22453136198566015 0.18364575867622646 0.18364575867622646 0.18364575867622646 
0.07353368955091884 0.07353368955091884 0.3896994656736218 0.3896994656736218 0.07353368955091884 
0.20456123461976922 0.13543361883713867 0.0904165635793146 0.0904165635793146 0.4791720193844631 
0.18188812442370433 0.27244750230518255 0.18188812442370433 0.18188812442370433 0.18188812442370433 
0.2075590111955787 0.2075590111955787 0.2075590111955787 0.2075590111955787 0.16976395521768498 
0.07596952891548112 0.32432502653214934 0.261867957818444 0.261867957818444 0.07596952891548112 
0.14974854996483358 0.14974854996483358 0.27537717505274945 0.27537717505274945 0.14974854996483358 
0.05141248956673958 0.05141248956673958 0.42288126564989065 0.42288126564989065 0.05141248956673958 
0.2 0.2 0.2 0.2 0.2 
0.2 0.2 0.2 0.2 0.2 
0.08738559247401881 0.4798562548761084 0.16273810073275766 0.16273810073275766 0.10728195118435725 
0.2 0.2 0.2 0.2 0.2 
0.11656343528070397 0.11656343528070397 0.3251548470789442 0.3251548470789442 0.11656343528070397 
0.19661526726734233 0.1608129911354928 0.24087937523083602 0.24087937523083602 0.1608129911354928 
0.20456123461976922 0.13543361883713867 0.0904165635793146 0.0904165635793146 0.4791720193844631 
0.2137276688970563 0.26184430166078543 0.17480934314738608 0.17480934314738608 0.17480934314738608 
0.19829319090211614 0.24293505077651895 0.19829319090211614 0.19829319090211614 0.1621853765171327 
0.2 0.2 0.2 0.2 0.2 
0.042427191345590816 0.042427191345590816 0.43635921298161373 0.43635921298161373 0.042427191345590816 
0.2 0.2 0.2 0.2 0.2 
0.2 0.2 0.2 0.2 0.2 
0.17643222088223307 0.21571185274517785 0.21571185274517785 0.21571185274517785 0.17643222088223307 
0.2912028759591775 0.2366931204798836 0.1573680011869796 0.1573680011869796 0.1573680011869796 
0.2 0.2 0.2 0.2 0.2 
0.25033904035664556 0.25033904035664556 0.16644063976223641 0.16644063976223641 0.16644063976223641 
0.003103213342972633 0.9785575365914405 0.0010275574347363404 0.0010275574347363404 0.0162841351961144 
4.3136421220056056E-10 0.9999999979765173 5.30706168916067E-10 5.30706168916067E-10 5.30706168916067E-10 
3.010740500347195E-13 5.60689899735323E-13 0.49999999999934175 0.49999999999934175 4.5474735088587665E-13 
0.9999753737138504 8.588626784988146E-8 1.1300211467932627E-5 1.1300211467932627E-5 1.9399769456405667E-6 
3.1008539687231645E-11 3.3429373593217058E-15 9.195043047275411E-16 9.195043047275411E-16 0.9999999999689864 
0.10002088250867693 0.3314052082911319 0.011082431259347875 0.011082431259347875 0.5464090466814957 
0.15706605420055433 0.15706605420055433 0.03567702774692874 0.03567702774692874 0.6145138361050345 
0.140312703178862 0.44597591296530287 0.030865439379399062 0.030865439379399062 0.351980505097037 
0.008273225313582626 0.6812162659842808 0.15189296696043875 0.15189296696043875 0.006724574781258514 
0.23422663694137164 0.155728132720886 0.12737112013147503 0.12737112013147503 0.3553029900747922 
0.016507379745865153 0.8690025936660499 0.0029515054517752467 0.0029515054517752467 0.10858701568453454 
0.19147430099047413 0.23410279603810327 0.19147430099047413 0.19147430099047413 0.19147430099047413 
0.2 0.2 0.2 0.2 0.2 
0.22453136198566015 0.22453136198566015 0.18364575867622646 0.18364575867622646 0.18364575867622646 
0.2 0.2 0.2 0.2 0.2 
0.23410279603810327 0.19147430099047413 0.19147430099047413 0.19147430099047413 0.19147430099047413 
0.19147430099047413 0.23410279603810327 0.19147430099047413 0.19147430099047413 0.19147430099047413 
0.2 0.2 0.2 0.2 0.2 
0.05985564330432642 0.7932753189568118 0.048956345912953905 0.048956345912953905 0.048956345912953905 
0.11302899450508054 0.6096294092288855 0.09244719875534471 0.09244719875534471 0.09244719875534471 
0.1151846907528153 0.1411162862900616 0.3247443326427018 0.3247443326427018 0.09421035767171937 
0.07000401417035593 0.7199839433185762 0.07000401417035593 0.07000401417035593 0.07000401417035593 
0.17641771690510538 0.3264535747129339 0.17641771690510538 0.17641771690510538 0.1442932745717498 
0.2 0.2 0.2 0.2 0.2 
0.06313969653784686 0.334615414429264 0.26955259624752104 0.26955259624752104 0.06313969653784686 
0.16394876852584983 0.374058859234635 0.16394876852584983 0.16394876852584983 0.1340948351878152 
0.157810104148752 0.12907397900620568 0.29202096891941826 0.29202096891941826 0.12907397900620568 
0.2 0.2 0.2 0.2 0.2 
0.2137276688970563 0.26184430166078543 0.17480934314738608 0.17480934314738608 0.17480934314738608 
0.10856026413898846 0.5855270143963682 0.10856026413898846 0.10856026413898846 0.08879219318666656 
0.10300151184048105 0.08407390528993687 0.36442533878982264 0.36442533878982264 0.08407390528993687 
0.044521790965298576 0.06783287353826614 0.4018169586623758 0.4018169586623758 0.08401141817168348 
0.13340182674754855 0.20235985344701576 0.2500572150343293 0.2500572150343293 0.16412388973677702 
0.2 0.2 0.2 0.2 0.2 
0.23410279603810327 0.19147430099047413 0.19147430099047413 0.19147430099047413 0.19147430099047413 
0.14611445606312 0.421086505704671 0.0794562146269435 0.0794562146269435 0.27388660897832207 
0.12907397900620568 0.157810104148752 0.29202096891941826 0.29202096891941826 0.12907397900620568 
0.2044152043354251 0.16579088136991685 0.07327997308051556 0.07327997308051556 0.483233968133627 
0.2137276688970563 0.26184430166078543 0.17480934314738608 0.17480934314738608 0.17480934314738608 
0.05131321239260881 0.6550664743617304 0.021905899457197838 0.021905899457197838 0.24980851433126502 
