0.15796089575136574 0.19608844927215974 0.2439948796125545 0.2439948796125545 0.15796089575136574 
0.10107108969013305 0.10107108969013305 0.3483933654648006 0.3483933654648006 0.10107108969013305 
0.2 0.2 0.2 0.2 0.2 
0.37945326371536237 0.24329354083641017 0.036894227845806885 0.036894227845806885 0.30346473975661353 
0.17480934314738605 0.26184430166078543 0.17480934314738605 0.17480934314738605 0.2137276688970563 
0.09467872078461574 0.5017597665200488 0.09467872078461574 0.09467872078461574 0.2142040711261039 
0.2 0.2 0.2 0.2 0.2 
0.2 0.2 0.2 0.2 0.2 
0.3471182184569215 0.22256132317934235 0.07635770736744778 0.07635770736744778 0.27760504362884025 
0.2 0.2 0.2 0.2 0.2 
0.10979266340267105 0.46872093297725287 0.10979266340267105 0.10979266340267105 0.20190107681473404 
0.08752654281321659 0.0581929760586055 0.39149324348537284 0.39149324348537284 0.07129399415743234 
0.2520355018974585 0.20572133881923121 0.16826091023203954 0.16826091023203954 0.20572133881923121 
0.2 0.2 0.2 0.2 0.2 
0.37945326371536237 0.24329354083641017 0.036894227845806885 0.036894227845806885 0.30346473975661353 
0.17480934314738605 0.26184430166078543 0.17480934314738605 0.17480934314738605 0.2137276688970563 
0.09467872078461574 0.5017597665200488 0.09467872078461574 0.09467872078461574 0.2142040711261039 
0.2 0.2 0.2 0.2 0.2 
0.2 0.2 0.2 0.2 0.2 
0.3471182184569215 0.22256132317934235 0.07635770736744778 0.07635770736744778 0.27760504362884025 
0.2 0.2 0.2 0.2 0.2 
0.14792207871305224 0.33466349362549 0.14792207871305224 0.14792207871305224 0.22157027023535322 
0.19147430099047413 0.23410279603810327 0.19147430099047413 0.19147430099047413 0.19147430099047413 
0.05141248956673958 0.05141248956673958 0.42288126564989065 0.42288126564989065 0.05141248956673958 
0.30890670292688366 0.16693526886622678 0.13653751453534568 0.13653751453534568 0.25108299913619786 
0.19147430099047413 0.23410279603810327 0.19147430099047413 0.19147430099047413 0.19147430099047413 
0.2 0.2 0.2 0.2 0.2 
0.08433990618166563 0.5561670647914132 0.08433990618166563 0.08433990618166563 0.19081321666358989 
0.2 0.2 0.2 0.2 0.2 
0.2 0.2 0.2 0.2 0.2 
0.21571185274517785 0.21571185274517785 0.17643222088223307 0.17643222088223307 0.21571185274517785 
0.3262651037668358 0.17519480237195115 0.11696144667357297 0.11696144667357297 0.26461720051406706 
0.2 0.2 0.2 0.2 0.2 
0.2803483382118881 0.18639264855290003 0.1524518403685391 0.1524518403685391 0.22835533249813364 
0.00801062189956113 0.012151469834684498 0.4859136431830966 0.4859136431830966 0.00801062189956113 
1.0 5.649890644933146E-30 2.3723308281287812E-34 2.3723308281287812E-34 2.4735724209099843E-23 
5.231282030813488E-9 0.9999961177453469 6.450014478655235E-9 6.450014478655235E-9 3.8641233419734635E-6 
0.17688742959059084 0.14438251183547152 0.26717377336923315 0.26717377336923315 0.14438251183547152 
1.5335492400773032E-28 1.5335492400773032E-28 0.5 0.5 1.243784585217967E-28 
0.06232494696899309 0.012802178699710428 0.450013900039213 0.450013900039213 0.024845074252870216 
0.030861181581681052 0.025029950737657878 0.45953945847150146 0.45953945847150146 0.025029950737657878 
0.36423414322794606 0.04537638095600486 0.22494273976538687 0.22494273976538687 0.14050399628527557 
0.5483029278577894 0.13796092495191548 8.04538219281968E-4 8.04538219281968E-4 0.312127070751731 
0.10107108969013305 0.10107108969013305 0.3483933654648006 0.3483933654648006 0.10107108969013305 
0.883706077382722 0.004132343931211856 0.023050636428040106 0.023050636428040106 0.06606030582998598 
0.2520355018974585 0.20572133881923121 0.16826091023203954 0.16826091023203954 0.20572133881923121 
0.2 0.2 0.2 0.2 0.2 
0.2 0.2 0.2 0.2 0.2 
0.2 0.2 0.2 0.2 0.2 
0.2 0.2 0.2 0.2 0.2 
0.2 0.2 0.2 0.2 0.2 
0.2 0.2 0.2 0.2 0.2 
0.5310775544096885 0.11490509440872705 0.041191858758553156 0.041191858758553156 0.27163363366447785 
0.5873556881118358 0.10111465992003144 0.036248182130458544 0.036248182130458544 0.23903328770721613 
0.21549108728327704 0.32831966898418713 0.09524758505852837 0.09524758505852837 0.2656940736154793 
0.6406058297910283 0.06754909515424679 0.01959641408702999 0.01959641408702999 0.2526522468806649 
0.31374988182953506 0.2068335525299554 0.11247491579323203 0.11247491579323203 0.2544667340540453 
0.2 0.2 0.2 0.2 0.2 
0.2530861012571039 0.31417434607332717 0.05928260329812083 0.05928260329812083 0.31417434607332717 
0.3262651037668358 0.17519480237195115 0.11696144667357297 0.11696144667357297 0.26461720051406706 
0.16497393840375685 0.30337560614524467 0.16497393840375685 0.16497393840375685 0.20170257864348454 
0.2 0.2 0.2 0.2 0.2 
0.2 0.2 0.2 0.2 0.2 
0.5310775544096885 0.11490509440872705 0.041191858758553156 0.041191858758553156 0.27163363366447785 
0.13108839541045503 0.3656723659599173 0.13108839541045503 0.13108839541045503 0.24106244780871766 
0.09811320228199467 0.4692641715083618 0.12179511642479238 0.12179511642479238 0.18903239336005864 
0.14063080521233715 0.26189660671555826 0.21241115305647676 0.21241115305647676 0.17265028195915083 
0.2 0.2 0.2 0.2 0.2 
0.2 0.2 0.2 0.2 0.2 
0.3530893494420393 0.09712032917998732 0.18326344045932438 0.18326344045932438 0.18326344045932438 
0.1578079704226164 0.2901978891013846 0.1578079704226164 0.1578079704226164 0.236378199630766 
0.07247037301347643 0.059153182979464175 0.39795303549679156 0.39795303549679156 0.07247037301347643 
0.2803483382118881 0.18639264855290003 0.1524518403685391 0.1524518403685391 0.22835533249813364 
0.407622386256057 0.04833454492224653 0.19520723922909608 0.19520723922909608 0.1536285903635045 
