0.15796089575136574 0.15796089575136574 0.24399487961255456 0.24399487961255456 0.19608844927215974 
0.10107108969013305 0.10107108969013305 0.3483933654648006 0.3483933654648006 0.10107108969013305 
0.2 0.2 0.2 0.2 0.2 
0.3579169704872569 0.28624125996414157 0.03480025479222983 0.03480025479222983 0.28624125996414157 
0.18364575867622646 0.22453136198566015 0.18364575867622646 0.18364575867622646 0.22453136198566015 
0.18432501568247658 0.22629299378364578 0.12305684986350422 0.12305684986350422 0.3432682908068691 
0.2 0.2 0.2 0.2 0.2 
0.2 0.2 0.2 0.2 0.2 
0.32900837351937673 0.26312183869552586 0.07237397454478553 0.07237397454478553 0.26312183869552586 
0.2 0.2 0.2 0.2 0.2 
0.17508834472387344 0.21450608426018808 0.14320597184207143 0.14320597184207143 0.32399362733179565 
0.071517954818317 0.071517954818317 0.3927230677725246 0.3927230677725246 0.071517954818317 
0.2520355018974585 0.20572133881923121 0.16826091023203954 0.16826091023203954 0.20572133881923121 
0.2 0.2 0.2 0.2 0.2 
0.3579169704872569 0.28624125996414157 0.03480025479222983 0.03480025479222983 0.28624125996414157 
0.18364575867622646 0.22453136198566015 0.18364575867622646 0.18364575867622646 0.22453136198566015 
0.18432501568247658 0.22629299378364578 0.12305684986350422 0.12305684986350422 0.3432682908068691 
0.2 0.2 0.2 0.2 0.2 
0.2 0.2 0.2 0.2 0.2 
0.32900837351937673 0.26312183869552586 0.07237397454478553 0.07237397454478553 0.26312183869552586 
0.2 0.2 0.2 0.2 0.2 
0.20572133881923121 0.20572133881923121 0.1682609102320395 0.1682609102320395 0.2520355018974585 
0.19147430099047413 0.19147430099047413 0.19147430099047413 0.19147430099047413 0.23410279603810327 
0.05141248956673958 0.05141248956673958 0.42288126564989065 0.42288126564989065 0.05141248956673958 
0.25627028668709545 0.25627028668709545 0.13935833216065807 0.13935833216065807 0.20874276230449285 
0.2 0.2 0.2 0.2 0.2 
0.2 0.2 0.2 0.2 0.2 
0.18432501568247658 0.22629299378364578 0.12305684986350422 0.12305684986350422 0.3432682908068691 
0.2 0.2 0.2 0.2 0.2 
0.2 0.2 0.2 0.2 0.2 
0.21571185274517785 0.21571185274517785 0.17643222088223307 0.17643222088223307 0.21571185274517785 
0.270503003589559 0.270503003589559 0.11956298595827515 0.11956298595827515 0.21986802090433133 
0.2 0.2 0.2 0.2 0.2 
0.2690579447148641 0.21915883938712738 0.1463121882554405 0.1463121882554405 0.21915883938712738 
0.006549752264165027 0.008041030366449734 0.4877581802383613 0.4877581802383613 0.009892856892662635 
0.9999862202264498 1.3779486756947396E-5 8.673497859400999E-19 8.673497859400999E-19 2.867932470787916E-10 
0.001074943186119636 0.00816059999659589 7.218970263657172E-5 7.218970263657172E-5 0.9906200774120113 
0.14923332891828292 0.14923332891828292 0.2761500066225756 0.2761500066225756 0.14923332891828292 
1.243784585217967E-28 1.243784585217967E-28 0.5 0.5 1.243784585217967E-28 
0.0395310937535974 0.03145360583147661 0.4544743525052862 0.4544743525052862 0.020066595404353394 
0.03809694392865844 0.03809694392865844 0.4464537994175448 0.4464537994175448 0.03089851330759361 
0.2390267378767585 0.18864864555163569 0.2390267378767585 0.2390267378767585 0.09427114081808895 
0.3879532434637419 0.3879532434637419 7.55982384941258E-4 7.55982384941258E-4 0.22258154830263396 
0.10107108969013305 0.10107108969013305 0.3483933654648006 0.3483933654648006 0.10107108969013305 
0.598131000068263 0.2553454936611191 0.03992420718211969 0.03992420718211969 0.06667509190637874 
0.21571185274517785 0.21571185274517785 0.17643222088223307 0.17643222088223307 0.21571185274517785 
0.2 0.2 0.2 0.2 0.2 
0.2 0.2 0.2 0.2 0.2 
0.2 0.2 0.2 0.2 0.2 
0.2 0.2 0.2 0.2 0.2 
0.2 0.2 0.2 0.2 0.2 
0.2 0.2 0.2 0.2 0.2 
0.44430275488984117 0.2848730022298783 0.043199541653492546 0.043199541653492546 0.18442515957329536 
0.39848855516509896 0.3186880632021032 0.03874502858205967 0.03874502858205967 0.20533332446867833 
0.22988795748912974 0.28344498452567385 0.10161103672976128 0.10161103672976128 0.28344498452567385 
0.4358544878487519 0.3458800353020277 0.021345707156121215 0.021345707156121215 0.17557406253697774 
0.29948448308318537 0.242896787293286 0.10736097116512125 0.10736097116512125 0.242896787293286 
0.2 0.2 0.2 0.2 0.2 
0.2530861012571039 0.31417434607332717 0.05928260329812083 0.05928260329812083 0.31417434607332717 
0.31374988182953506 0.2544667340540453 0.11247491579323203 0.11247491579323203 0.2068335525299554 
0.20572133881923121 0.20572133881923121 0.1682609102320395 0.1682609102320395 0.2520355018974585 
0.2 0.2 0.2 0.2 0.2 
0.2 0.2 0.2 0.2 0.2 
0.39848855516509896 0.3186880632021032 0.03874502858205967 0.03874502858205967 0.20533332446867833 
0.18639264855290003 0.22835533249813364 0.15245184036853912 0.15245184036853912 0.28034833821188815 
0.1846965100196462 0.2303755297176335 0.14843283716954203 0.14843283716954203 0.2880622859236363 
0.14795229147592406 0.18163875831651588 0.22346965006918665 0.22346965006918665 0.22346965006918665 
0.2 0.2 0.2 0.2 0.2 
0.2 0.2 0.2 0.2 0.2 
0.27615394218614037 0.22193333880473634 0.17878048974741306 0.17878048974741306 0.14435173951429706 
0.20572133881923121 0.20572133881923121 0.1682609102320395 0.1682609102320395 0.2520355018974585 
0.07247037301347643 0.07247037301347643 0.39795303549679156 0.39795303549679156 0.059153182979464175 
0.23066901696027353 0.23066901696027353 0.1539964745595897 0.1539964745595897 0.23066901696027353 
0.26738579547686553 0.2098232126682727 0.2098232126682727 0.2098232126682727 0.1031445665183166 
