0.12862198986501114 0.15893892009681476 0.30406013463520587 0.30406013463520587 0.10431882076776228 
0.17126424110108873 0.17126424110108873 0.17126424110108873 0.17126424110108873 0.3149430355956448 
0.12201776881693452 0.5288961727915829 0.09979917962550572 0.09979917962550572 0.14948769914047125 
0.13587235907162665 0.1675265600476053 0.31827258373708606 0.31827258373708606 0.060055913406595864 
0.18670475931077338 0.12464558568048832 0.28200203466412505 0.28200203466412505 0.12464558568048832 
0.10689157558781485 0.025038162269709657 0.4057115740605304 0.4057115740605304 0.05664711402141469 
0.2 0.2 0.2 0.2 0.2 
0.2 0.2 0.2 0.2 0.2 
0.06760993683443695 0.08318031385825463 0.12673254126766975 0.12673254126766975 0.5957446667719687 
0.23410279603810327 0.19147430099047413 0.19147430099047413 0.19147430099047413 0.19147430099047413 
0.1099994799720226 0.03943326504223044 0.40556699497175824 0.40556699497175824 0.03943326504223044 
0.2 0.2 0.2 0.2 0.2 
0.14792207871305224 0.33466349362549 0.14792207871305224 0.14792207871305224 0.22157027023535322 
0.12201776881693452 0.5288961727915829 0.09979917962550572 0.09979917962550572 0.14948769914047125 
0.13587235907162665 0.1675265600476053 0.31827258373708606 0.31827258373708606 0.060055913406595864 
0.18670475931077338 0.12464558568048832 0.28200203466412505 0.28200203466412505 0.12464558568048832 
0.10689157558781485 0.025038162269709657 0.4057115740605304 0.4057115740605304 0.05664711402141469 
0.2 0.2 0.2 0.2 0.2 
0.2 0.2 0.2 0.2 0.2 
0.06760993683443695 0.08318031385825463 0.12673254126766975 0.12673254126766975 0.5957446667719687 
0.17126424110108873 0.17126424110108873 0.17126424110108873 0.17126424110108873 0.3149430355956448 
0.17133494180198777 0.09317097209760444 0.32116155700140175 0.32116155700140175 0.09317097209760444 
0.18203998398860094 0.14889176582436528 0.22302275006234462 0.22302275006234462 0.22302275006234462 
0.19147430099047413 0.23410279603810327 0.19147430099047413 0.19147430099047413 0.19147430099047413 
0.23410279603810327 0.19147430099047413 0.19147430099047413 0.19147430099047413 0.19147430099047413 
0.2138395576792909 0.1745442993828464 0.1745442993828464 0.1745442993828464 0.26252754417217034 
0.2 0.2 0.2 0.2 0.2 
0.09062692882180108 0.02122834973071861 0.4334581858583807 0.4334581858583807 0.02122834973071861 
0.08179782898668078 0.08179782898668078 0.08179782898668078 0.08179782898668078 0.6728086840532767 
0.19147430099047413 0.19147430099047413 0.19147430099047413 0.19147430099047413 0.23410279603810327 
0.21571185274517785 0.17643222088223307 0.21571185274517785 0.21571185274517785 0.17643222088223307 
0.24106244780871766 0.3656723659599173 0.13108839541045503 0.13108839541045503 0.13108839541045503 
0.2 0.2 0.2 0.2 0.2 
1.2371404809248075E-19 1.0 6.727499949325852E-20 6.727499949325852E-20 1.0077021596431433E-19 
0.03715298704438083 0.27808162577481405 0.057120797359784356 0.057120797359784356 0.5705237924612362 
0.15785168813830205 0.15785168813830205 0.19420448497907003 0.19420448497907003 0.2958876537652559 
1.8280792200315767E-25 2.1315288089152047E-31 0.5 0.5 3.205977081550758E-31 
0.9999914515229129 3.287299715524097E-6 1.7537257905452033E-6 1.7537257905452033E-6 1.7537257905452033E-6 
0.02968864786697592 0.03644829749413726 0.055289138980567976 0.055289138980567976 0.8232847766777508 
0.06747768032082303 0.1989674625713493 0.054727749482028305 0.054727749482028305 0.624099358143771 
1.6469420292953118E-28 2.487569170435934E-28 2.021925461486777E-28 2.021925461486777E-28 1.0 
0.045238447566681515 0.03669062738395894 0.029822573212124937 0.029822573212124937 0.8584257786251098 
0.082329904620096 0.009343465349192146 0.4406998724475502 0.4406998724475502 0.026926885135611582 
0.13428202594165645 0.13428202594165645 0.13428202594165645 0.13428202594165645 0.46287189623337455 
0.11490094196438214 0.1413623035710085 0.11490094196438214 0.11490094196438214 0.5139348705358449 
0.2 0.2 0.2 0.2 0.2 
0.2 0.2 0.2 0.2 0.2 
0.20170257864348456 0.16497393840375685 0.16497393840375685 0.16497393840375685 0.30337560614524467 
0.2 0.2 0.2 0.2 0.2 
0.23410279603810327 0.19147430099047413 0.19147430099047413 0.19147430099047413 0.19147430099047413 
0.2 0.2 0.2 0.2 0.2 
0.2 0.2 0.2 0.2 0.2 
0.18639264855290003 0.22835533249813364 0.15245184036853912 0.15245184036853912 0.28034833821188815 
0.22453136198566015 0.18364575867622646 0.18364575867622646 0.18364575867622646 0.22453136198566015 
0.05178696873976263 0.01856489925741615 0.07925626932512415 0.07925626932512415 0.7711355933525728 
0.2 0.2 0.2 0.2 0.2 
0.21571185274517785 0.17643222088223307 0.21571185274517785 0.21571185274517785 0.17643222088223307 
0.18188812442370433 0.27244750230518255 0.18188812442370433 0.18188812442370433 0.18188812442370433 
0.069283123771887 0.4962117786035246 0.20194089414532318 0.20194089414532318 0.030623309333942375 
0.18853059752140414 0.15420048366210765 0.15420048366210765 0.15420048366210765 0.34886795149227273 
0.19074888654220185 0.10372816542122544 0.28935073579545867 0.28935073579545867 0.12682147644565533 
0.2 0.2 0.2 0.2 0.2 
0.22453136198566015 0.22453136198566015 0.18364575867622646 0.18364575867622646 0.18364575867622646 
0.2520355018974585 0.16826091023203954 0.20572133881923121 0.20572133881923121 0.16826091023203954 
0.17700001474036117 0.05134880895653957 0.3386121428257157 0.3386121428257157 0.09442689065166775 
0.07032453704452013 0.024127374620565394 0.4429685373208673 0.4429685373208673 0.019611013693179764 
0.01087262164546813 0.0047654343304936 0.020656171666842388 0.020656171666842388 0.9430496006903535 
0.2 0.2 0.2 0.2 0.2 
0.2137276688970563 0.17480934314738605 0.17480934314738605 0.17480934314738605 0.26184430166078543 
0.11406369730399138 0.48695460117475475 0.11406369730399138 0.11406369730399138 0.1708543069132711 
0.19525804121807178 0.10618021822534521 0.29619076116561893 0.29619076116561893 0.10618021822534521 
0.21571185274517785 0.21571185274517785 0.17643222088223307 0.17643222088223307 0.21571185274517785 
0.22453136198566015 0.18364575867622646 0.18364575867622646 0.18364575867622646 0.22453136198566015 
0.033104302471633824 0.1187110866333773 0.0502165671936619 0.0502165671936619 0.7477514765076648 
