0.17443084712613696 0.17443084712613696 0.21704610191590884 0.21704610191590884 0.21704610191590884 
0.15968239858692226 0.3612704056523108 0.15968239858692226 0.15968239858692226 0.15968239858692226 
0.19147430099047413 0.23410279603810327 0.19147430099047413 0.19147430099047413 0.19147430099047413 
0.23025101635295264 0.07899593458818925 0.23025101635295264 0.23025101635295264 0.23025101635295264 
0.17596172845330926 0.17596172845330926 0.21602551436446055 0.21602551436446055 0.21602551436446055 
0.2255948442587168 0.0418266540722603 0.2255948442587168 0.2255948442587168 0.2813888131515894 
0.19147430099047413 0.23410279603810327 0.19147430099047413 0.19147430099047413 0.19147430099047413 
0.19147430099047413 0.23410279603810327 0.19147430099047413 0.19147430099047413 0.19147430099047413 
0.16833058364791945 0.32667766540832205 0.16833058364791945 0.16833058364791945 0.16833058364791945 
0.2 0.2 0.2 0.2 0.2 
0.19704499452855131 0.06913577957716677 0.24460640863142727 0.24460640863142727 0.24460640863142727 
0.06875170492757818 0.7249931802896873 0.06875170492757818 0.06875170492757818 0.06875170492757818 
0.18168360351104154 0.27326558595583417 0.18168360351104154 0.18168360351104154 0.18168360351104154 
0.19147430099047413 0.23410279603810327 0.19147430099047413 0.19147430099047413 0.19147430099047413 
0.23025101635295264 0.07899593458818925 0.23025101635295264 0.23025101635295264 0.23025101635295264 
0.17596172845330926 0.17596172845330926 0.21602551436446055 0.21602551436446055 0.21602551436446055 
0.2255948442587168 0.0418266540722603 0.2255948442587168 0.2255948442587168 0.2813888131515894 
0.19147430099047413 0.23410279603810327 0.19147430099047413 0.19147430099047413 0.19147430099047413 
0.19147430099047413 0.23410279603810327 0.19147430099047413 0.19147430099047413 0.19147430099047413 
0.16833058364791945 0.32667766540832205 0.16833058364791945 0.16833058364791945 0.16833058364791945 
0.19147430099047413 0.23410279603810327 0.19147430099047413 0.19147430099047413 0.19147430099047413 
0.225123694749229 0.09950522100308398 0.225123694749229 0.225123694749229 0.225123694749229 
0.2 0.2 0.2 0.2 0.2 
0.10753145569987334 0.5698741772005067 0.10753145569987334 0.10753145569987334 0.10753145569987334 
0.2 0.2 0.2 0.2 0.2 
0.2075590111955787 0.16976395521768495 0.2075590111955787 0.2075590111955787 0.2075590111955787 
0.2 0.2 0.2 0.2 0.2 
0.20294826580081096 0.03762784090260814 0.25314129776552696 0.25314129776552696 0.25314129776552696 
0.19147430099047413 0.23410279603810327 0.19147430099047413 0.19147430099047413 0.19147430099047413 
0.19147430099047413 0.23410279603810327 0.19147430099047413 0.19147430099047413 0.19147430099047413 
0.19138277710975451 0.2344688915609822 0.19138277710975451 0.19138277710975451 0.19138277710975451 
0.24293505077651895 0.1621853765171327 0.19829319090211614 0.19829319090211614 0.19829319090211614 
0.2 0.2 0.2 0.2 0.2 
0.18168360351104154 0.27326558595583417 0.18168360351104154 0.18168360351104154 0.18168360351104154 
0.017228491164242538 0.93108603534303 0.017228491164242538 0.017228491164242538 0.017228491164242538 
0.47659003601844707 3.357282534568626E-4 0.19065508110657156 0.19065508110657156 0.14176407351495296 
0.03358723858812595 9.632725951881047E-12 0.24055473383487458 0.24055473383487458 0.485303293732492 
0.18188812442370433 0.27244750230518255 0.18188812442370433 0.18188812442370433 0.18188812442370433 
1.8739662740506067E-10 0.9999999992504138 1.8739662740506067E-10 1.8739662740506067E-10 1.8739662740506067E-10 
4.949831835438915E-7 0.9999980200672655 4.949831835438915E-7 4.949831835438915E-7 4.949831835438915E-7 
0.04592082804887197 0.8163166878045119 0.04592082804887197 0.04592082804887197 0.04592082804887197 
0.12070026319329837 0.5876060379344656 0.09723123295741193 0.09723123295741193 0.09723123295741193 
0.24890205303625637 0.004391787854974495 0.24890205303625637 0.24890205303625637 0.24890205303625637 
0.13428202594165645 0.46287189623337455 0.13428202594165645 0.13428202594165645 0.13428202594165645 
0.01622676936760711 0.9450398924565007 0.01291111272529731 0.01291111272529731 0.01291111272529731 
0.22453136198566015 0.22453136198566015 0.18364575867622646 0.18364575867622646 0.18364575867622646 
0.14728603785505995 0.41085584857976054 0.14728603785505995 0.14728603785505995 0.14728603785505995 
0.2 0.2 0.2 0.2 0.2 
0.2 0.2 0.2 0.2 0.2 
0.2 0.2 0.2 0.2 0.2 
0.19147430099047413 0.23410279603810327 0.19147430099047413 0.19147430099047413 0.19147430099047413 
0.19147430099047413 0.23410279603810327 0.19147430099047413 0.19147430099047413 0.19147430099047413 
0.22024458468213817 0.11902166127144735 0.22024458468213817 0.22024458468213817 0.22024458468213817 
0.22024458468213817 0.11902166127144735 0.22024458468213817 0.22024458468213817 0.22024458468213817 
0.22963728890042506 0.08145084439829958 0.22963728890042506 0.22963728890042506 0.22963728890042506 
0.2689712941661664 0.07803025112281133 0.21766615157034078 0.21766615157034078 0.21766615157034078 
0.24339871353723436 0.16182628782441608 0.19825833287944997 0.19825833287944997 0.19825833287944997 
0.2 0.2 0.2 0.2 0.2 
0.2258914200410865 0.09643431983565402 0.2258914200410865 0.2258914200410865 0.2258914200410865 
0.20763086935860398 0.16947652256558415 0.20763086935860398 0.20763086935860398 0.20763086935860398 
0.18671512873518645 0.1241395885983223 0.22971509422216363 0.22971509422216363 0.22971509422216363 
0.2 0.2 0.2 0.2 0.2 
0.2 0.2 0.2 0.2 0.2 
0.25830144125858295 0.11321267270462695 0.20949529534559655 0.20949529534559655 0.20949529534559655 
0.23309446055495875 0.06762215778016498 0.23309446055495875 0.23309446055495875 0.23309446055495875 
0.19555742007525953 0.06315612528266859 0.24709548488069072 0.24709548488069072 0.24709548488069072 
0.2079324479015192 0.16827020839392318 0.2079324479015192 0.2079324479015192 0.2079324479015192 
0.17126424110108873 0.3149430355956448 0.17126424110108873 0.17126424110108873 0.17126424110108873 
0.15968239858692226 0.3612704056523108 0.15968239858692226 0.15968239858692226 0.15968239858692226 
0.1042441137372293 0.5830235450510826 0.1042441137372293 0.1042441137372293 0.1042441137372293 
0.22024458468213817 0.11902166127144735 0.22024458468213817 0.22024458468213817 0.22024458468213817 
0.119982004385865 0.5200719824565397 0.119982004385865 0.119982004385865 0.119982004385865 
0.2 0.2 0.2 0.2 0.2 
0.14012096980008165 0.4395161207996734 0.14012096980008165 0.14012096980008165 0.14012096980008165 
