0.2958876537652559 0.15785168813830205 0.19420448497907003 0.19420448497907003 0.15785168813830205 
0.16678424679364126 0.2498236298095381 0.16678424679364126 0.16678424679364126 0.2498236298095381 
0.19138277710975451 0.19138277710975451 0.19138277710975451 0.19138277710975451 0.2344688915609822 
0.448189731806428 0.08457041259113598 0.19133472150565 0.19133472150565 0.08457041259113598 
0.16678424679364126 0.16678424679364126 0.2498236298095381 0.2498236298095381 0.16678424679364126 
0.10107108969013305 0.10107108969013305 0.3483933654648006 0.3483933654648006 0.10107108969013305 
0.2 0.2 0.2 0.2 0.2 
0.2 0.2 0.2 0.2 0.2 
0.5732533872624014 0.0852104632598131 0.1281628431089863 0.1281628431089863 0.0852104632598131 
0.2 0.2 0.2 0.2 0.2 
0.11656343528070397 0.11656343528070397 0.3251548470789442 0.3251548470789442 0.11656343528070397 
0.20874276230449285 0.25627028668709545 0.13935833216065807 0.13935833216065807 0.25627028668709545 
0.27244750230518255 0.18188812442370433 0.18188812442370433 0.18188812442370433 0.18188812442370433 
0.19138277710975451 0.19138277710975451 0.19138277710975451 0.19138277710975451 0.2344688915609822 
0.448189731806428 0.08457041259113598 0.19133472150565 0.19133472150565 0.08457041259113598 
0.16678424679364126 0.16678424679364126 0.2498236298095381 0.2498236298095381 0.16678424679364126 
0.10107108969013305 0.10107108969013305 0.3483933654648006 0.3483933654648006 0.10107108969013305 
0.2 0.2 0.2 0.2 0.2 
0.2 0.2 0.2 0.2 0.2 
0.5732533872624014 0.0852104632598131 0.1281628431089863 0.1281628431089863 0.0852104632598131 
0.2 0.2 0.2 0.2 0.2 
0.14974854996483358 0.14974854996483358 0.27537717505274945 0.27537717505274945 0.14974854996483358 
0.16976395521768495 0.2075590111955787 0.2075590111955787 0.2075590111955787 0.2075590111955787 
0.20874276230449285 0.25627028668709545 0.13935833216065807 0.13935833216065807 0.25627028668709545 
0.2344688915609822 0.19138277710975451 0.19138277710975451 0.19138277710975451 0.19138277710975451 
0.21586713904286245 0.17619929143570645 0.21586713904286245 0.21586713904286245 0.17619929143570645 
0.2 0.2 0.2 0.2 0.2 
0.08666793693560952 0.08666793693560952 0.3699980945965857 0.3699980945965857 0.08666793693560952 
0.2 0.2 0.2 0.2 0.2 
0.2 0.2 0.2 0.2 0.2 
0.21571185274517785 0.17643222088223307 0.21571185274517785 0.21571185274517785 0.17643222088223307 
0.18313024887763005 0.22530462668355467 0.18313024887763005 0.18313024887763005 0.22530462668355467 
0.2 0.2 0.2 0.2 0.2 
0.18313024887763005 0.22530462668355467 0.18313024887763005 0.18313024887763005 0.22530462668355467 
0.9896757916621767 0.003637650852959348 0.001524453315952354 0.001524453315952354 0.003637650852959348 
0.9999999997673048 5.2228022248179664E-11 6.41195416160923E-11 6.41195416160923E-11 5.2228022248179664E-11 
4.265911229617797E-6 1.8697348705159995E-6 0.4999959973095148 0.4999959973095148 1.8697348705159995E-6 
1.7583729658403433E-11 0.3366723244996059 4.243022680084532E-5 4.243022680084532E-5 0.6632428150292082 
0.0029885455394625168 0.567971997170665 6.788381020778703E-4 6.788381020778703E-4 0.4276817810857169 
0.6693430103934402 0.1300545789519804 0.03527391585129952 0.03527391585129952 0.1300545789519804 
0.363757804743081 0.23549473154932124 0.08262636607913833 0.08262636607913833 0.23549473154932124 
0.6352784291993625 0.1281509954335425 0.05420978996677619 0.05420978996677619 0.1281509954335425 
0.8306252597734057 0.012437913488950295 0.07224945662434665 0.07224945662434665 0.012437913488950295 
0.19661526726734233 0.24087937523083602 0.16081299113549283 0.16081299113549283 0.24087937523083602 
0.9697892684180233 0.011811545572646383 0.003293820218342058 0.003293820218342058 0.011811545572646383 
0.23410279603810327 0.19147430099047413 0.19147430099047413 0.19147430099047413 0.19147430099047413 
0.2 0.2 0.2 0.2 0.2 
0.2 0.2 0.2 0.2 0.2 
0.2 0.2 0.2 0.2 0.2 
0.16976395521768495 0.2075590111955787 0.2075590111955787 0.2075590111955787 0.2075590111955787 
0.2 0.2 0.2 0.2 0.2 
0.2 0.2 0.2 0.2 0.2 
0.7681581660699873 0.05796045848250309 0.05796045848250309 0.05796045848250309 0.05796045848250309 
0.5741766496469803 0.10645583758825498 0.10645583758825498 0.10645583758825498 0.10645583758825498 
0.1813814932302838 0.12059346289443722 0.275141152733545 0.275141152733545 0.14774273840818877 
0.7199839433185762 0.07000401417035593 0.07000401417035593 0.07000401417035593 0.07000401417035593 
0.3162928435014195 0.1709267891246451 0.1709267891246451 0.1709267891246451 0.1709267891246451 
0.2 0.2 0.2 0.2 0.2 
0.448189731806428 0.08457041259113598 0.19133472150565 0.19133472150565 0.08457041259113598 
0.33892160450402836 0.18199097247955007 0.14854822526843564 0.14854822526843564 0.18199097247955007 
0.14038778277038017 0.17164273380881 0.258163374806 0.258163374806 0.17164273380881 
0.2 0.2 0.2 0.2 0.2 
0.2344688915609822 0.19138277710975451 0.19138277710975451 0.19138277710975451 0.19138277710975451 
0.5239479329444918 0.11901301676387704 0.11901301676387704 0.11901301676387704 0.11901301676387704 
0.11002391676664848 0.13479366429446082 0.3101943773222149 0.3101943773222149 0.13479366429446082 
0.16969009113173456 0.09052715449471684 0.32462779993941576 0.32462779993941576 0.09052715449471684 
0.23156395527807783 0.1526540670828832 0.23156395527807783 0.23156395527807783 0.1526540670828832 
0.2 0.2 0.2 0.2 0.2 
0.16976395521768495 0.2075590111955787 0.2075590111955787 0.2075590111955787 0.2075590111955787 
0.5689631331092355 0.12923806859627637 0.08628036484910592 0.08628036484910592 0.12923806859627637 
0.14974854996483358 0.14974854996483358 0.27537717505274945 0.27537717505274945 0.14974854996483358 
0.2450491789553925 0.2450491789553925 0.13242623156691122 0.13242623156691122 0.2450491789553925 
0.2344688915609822 0.19138277710975451 0.19138277710975451 0.19138277710975451 0.19138277710975451 
0.8796429664307922 0.03626892690712829 0.023909589877475625 0.023909589877475625 0.03626892690712829 
