0.16467329606863026 0.10902505772351642 0.2508942840160954 0.3107340661231275 0.16467329606863026 
0.1660899493062854 0.1660899493062854 0.25086507604057207 0.25086507604057207 0.1660899493062854 
0.19138277710975451 0.2344688915609822 0.19138277710975451 0.19138277710975451 0.19138277710975451 
0.2 0.2 0.2 0.2 0.2 
0.2 0.2 0.2 0.2 0.2 
0.2 0.2 0.2 0.2 0.2 
0.2 0.2 0.2 0.2 0.2 
0.2 0.2 0.2 0.2 0.2 
0.189695409868932 0.15483689159782227 0.2328861443321571 0.2328861443321571 0.189695409868932 
0.21571185274517785 0.21571185274517785 0.17643222088223307 0.17643222088223307 0.21571185274517785 
0.2 0.2 0.2 0.2 0.2 
0.15181976208364276 0.12340088716406926 0.28647979433432247 0.28647979433432247 0.15181976208364276 
0.2 0.2 0.2 0.2 0.2 
0.19138277710975451 0.2344688915609822 0.19138277710975451 0.19138277710975451 0.19138277710975451 
0.2 0.2 0.2 0.2 0.2 
0.2 0.2 0.2 0.2 0.2 
0.2 0.2 0.2 0.2 0.2 
0.2 0.2 0.2 0.2 0.2 
0.2 0.2 0.2 0.2 0.2 
0.189695409868932 0.15483689159782227 0.2328861443321571 0.2328861443321571 0.189695409868932 
0.2 0.2 0.2 0.2 0.2 
0.2 0.2 0.2 0.2 0.2 
0.21571185274517785 0.21571185274517785 0.17643222088223307 0.17643222088223307 0.21571185274517785 
0.15181976208364276 0.12340088716406926 0.28647979433432247 0.28647979433432247 0.15181976208364276 
0.21571185274517785 0.21571185274517785 0.17643222088223307 0.17643222088223307 0.21571185274517785 
0.2 0.2 0.2 0.2 0.2 
0.2 0.2 0.2 0.2 0.2 
0.2 0.2 0.2 0.2 0.2 
0.2 0.2 0.2 0.2 0.2 
0.2 0.2 0.2 0.2 0.2 
0.2 0.2 0.2 0.2 0.2 
0.2194374245698725 0.27055978960751903 0.14528268062636795 0.14528268062636795 0.2194374245698725 
0.2 0.2 0.2 0.2 0.2 
0.23125998177686916 0.23125998177686916 0.15311002733469647 0.15311002733469647 0.23125998177686916 
0.10143756533813665 0.06503858789696 0.32241350772770416 0.40967277369906263 0.10143756533813665 
0.20770410170104198 0.16918359319583212 0.20770410170104198 0.20770410170104198 0.20770410170104198 
0.189695409868932 0.15483689159782227 0.2328861443321571 0.2328861443321571 0.189695409868932 
2.306705367597183E-4 0.9996866329779874 3.696454354551326E-9 6.486555374337047E-10 8.269214014278116E-5 
1.22032881431668E-7 2.7107245438904007E-9 0.02017122691788808 0.9798284132206307 2.351178751596589E-7 
0.10050678378449847 0.05101879998988936 0.3283245672350179 0.41964306520609584 0.10050678378449847 
0.12283887616772839 0.07989788983616415 0.29884014496471895 0.37558421286366 0.12283887616772839 
0.1483303325045541 0.1189192913727586 0.2922100218090665 0.2922100218090665 0.1483303325045541 
0.19109606502830237 0.23561573988679027 0.19109606502830237 0.19109606502830237 0.19109606502830237 
0.17131872841359536 0.13983711782156857 0.25876271267562057 0.25876271267562057 0.17131872841359536 
0.08389957880194528 0.05405718452027541 0.33344502959207856 0.4236899102394985 0.10490829684620243 
0.2 0.2 0.2 0.2 0.2 
0.2 0.2 0.2 0.2 0.2 
0.2 0.2 0.2 0.2 0.2 
0.2 0.2 0.2 0.2 0.2 
0.21571185274517785 0.21571185274517785 0.17643222088223307 0.17643222088223307 0.21571185274517785 
0.2 0.2 0.2 0.2 0.2 
0.2 0.2 0.2 0.2 0.2 
0.2075590111955787 0.2075590111955787 0.2075590111955787 0.16976395521768498 0.2075590111955787 
0.21571185274517785 0.21571185274517785 0.17643222088223307 0.17643222088223307 0.21571185274517785 
0.19138277710975451 0.2344688915609822 0.19138277710975451 0.19138277710975451 0.19138277710975451 
0.2 0.2 0.2 0.2 0.2 
0.21571185274517785 0.21571185274517785 0.17643222088223307 0.17643222088223307 0.21571185274517785 
0.2 0.2 0.2 0.2 0.2 
0.2 0.2 0.2 0.2 0.2 
0.21586713904286245 0.21586713904286245 0.17619929143570645 0.17619929143570645 0.21586713904286245 
0.2075590111955787 0.2075590111955787 0.2075590111955787 0.16976395521768498 0.2075590111955787 
0.2 0.2 0.2 0.2 0.2 
0.2 0.2 0.2 0.2 0.2 
0.19138277710975451 0.2344688915609822 0.19138277710975451 0.19138277710975451 0.19138277710975451 
0.20575438593822215 0.2526015028707924 0.16794486262638184 0.16794486262638184 0.20575438593822215 
0.17064881150050581 0.13870535985331556 0.2599985085728366 0.2599985085728366 0.17064881150050581 
0.18313024887763005 0.18313024887763005 0.22530462668355467 0.22530462668355467 0.18313024887763005 
0.2 0.2 0.2 0.2 0.2 
0.2075590111955787 0.2075590111955787 0.2075590111955787 0.16976395521768498 0.2075590111955787 
0.17098749989935144 0.1392764003581501 0.25937429992157346 0.25937429992157346 0.17098749989935144 
0.2 0.2 0.2 0.2 0.2 
0.16421728138341138 0.10825707247213023 0.2513228597442527 0.31198550501679406 0.16421728138341138 
0.2075590111955787 0.2075590111955787 0.2075590111955787 0.16976395521768498 0.2075590111955787 
0.10560838812420617 0.06900574984181436 0.31893629307539323 0.4008411808343797 0.10560838812420617 
