0.4362328079249911 0.08088021165556557 0.06615248622741951 0.06615248622741951 0.3505820079646047 
0.2 0.2 0.2 0.2 0.2 
0.1539964745595897 0.23066901696027353 0.23066901696027353 0.23066901696027353 0.1539964745595897 
0.4681450239350304 0.08679693029387102 0.07099181144950041 0.07099181144950041 0.30307442287209796 
0.2664925875830114 0.17718050171487273 0.14491716155955217 0.14491716155955217 0.2664925875830114 
0.38555498826705215 0.05615196327960125 0.037487498315161065 0.037487498315161065 0.48331805182302423 
0.2 0.2 0.2 0.2 0.2 
0.2 0.2 0.2 0.2 0.2 
0.44276827818906694 0.10214783200716228 0.08354742045917453 0.08354742045917453 0.28798904888542176 
0.17643222088223307 0.21571185274517785 0.21571185274517785 0.21571185274517785 0.17643222088223307 
0.3600028459790353 0.08177343978201258 0.05459260027630676 0.05459260027630676 0.4490385136863385 
0.23410279603810327 0.19147430099047413 0.19147430099047413 0.19147430099047413 0.19147430099047413 
0.2 0.2 0.2 0.2 0.2 
0.1539964745595897 0.23066901696027353 0.23066901696027353 0.23066901696027353 0.1539964745595897 
0.4681450239350304 0.08679693029387102 0.07099181144950041 0.07099181144950041 0.30307442287209796 
0.2664925875830114 0.17718050171487273 0.14491716155955217 0.14491716155955217 0.2664925875830114 
0.38555498826705215 0.05615196327960125 0.037487498315161065 0.037487498315161065 0.48331805182302423 
0.2 0.2 0.2 0.2 0.2 
0.2 0.2 0.2 0.2 0.2 
0.44276827818906694 0.10214783200716228 0.08354742045917453 0.08354742045917453 0.28798904888542176 
0.2 0.2 0.2 0.2 0.2 
0.29490050277897806 0.12925392107326059 0.10571767875746498 0.10571767875746498 0.3644102186328313 
0.19138277710975451 0.19138277710975451 0.19138277710975451 0.19138277710975451 0.2344688915609822 
0.2 0.2 0.2 0.2 0.2 
0.2075590111955787 0.2075590111955787 0.2075590111955787 0.2075590111955787 0.16976395521768498 
0.17619929143570645 0.21586713904286245 0.21586713904286245 0.21586713904286245 0.17619929143570645 
0.2 0.2 0.2 0.2 0.2 
0.38555498826705215 0.05615196327960125 0.037487498315161065 0.037487498315161065 0.48331805182302423 
0.2 0.2 0.2 0.2 0.2 
0.2 0.2 0.2 0.2 0.2 
0.22453136198566015 0.18364575867622646 0.18364575867622646 0.18364575867622646 0.22453136198566015 
0.10080410209820935 0.22999054995086868 0.28420062292635606 0.28420062292635606 0.10080410209820935 
0.2 0.2 0.2 0.2 0.2 
0.10080410209820935 0.22999054995086868 0.28420062292635606 0.28420062292635606 0.10080410209820935 
0.21430399517728188 0.17342640983676935 0.17342640983676935 0.17342640983676935 0.26541677531240987 
0.9790244203980596 0.004650474622572666 0.004650474622572666 0.004650474622572666 0.007024155734222338 
1.3779486760899259E-5 1.2532370202188391E-17 3.8337071652025534E-19 3.8337071652025534E-19 0.9999862205132392 
5.00000000000041E-41 4.135903062765342E-25 0.5 0.5 6.446389777196665E-40 
0.3199037937731285 0.14021278133384094 0.14021278133384094 0.14021278133384094 0.25945786222534833 
0.22393409610280712 0.18121960953189387 0.22393409610280712 0.22393409610280712 0.14697810215968493 
0.21602551436446055 0.17596172845330926 0.21602551436446055 0.21602551436446055 0.17596172845330926 
0.19958099431958046 0.19958099431958046 0.2471822509987577 0.2471822509987577 0.10647350936332313 
0.7034474972449647 0.020011960885673467 0.010533533638428365 0.010533533638428365 0.25547347459250497 
0.2 0.2 0.2 0.2 0.2 
0.527903927248321 0.11802401818791974 0.11802401818791974 0.11802401818791974 0.11802401818791974 
0.2 0.2 0.2 0.2 0.2 
0.2 0.2 0.2 0.2 0.2 
0.1539964745595897 0.23066901696027353 0.23066901696027353 0.23066901696027353 0.1539964745595897 
0.2 0.2 0.2 0.2 0.2 
0.17643222088223307 0.21571185274517785 0.21571185274517785 0.21571185274517785 0.17643222088223307 
0.2 0.2 0.2 0.2 0.2 
0.2 0.2 0.2 0.2 0.2 
0.26057015360827523 0.1732429069302145 0.2122451819968885 0.2122451819968885 0.1416965754677335 
0.28261544419331086 0.18789995867687906 0.18789995867687906 0.18789995867687906 0.1536846797760521 
0.3192364047374682 0.13751076459409395 0.11200821296548479 0.11200821296548479 0.3192364047374682 
0.3612704056523108 0.15968239858692226 0.15968239858692226 0.15968239858692226 0.15968239858692226 
0.2344688915609822 0.19138277710975451 0.19138277710975451 0.19138277710975451 0.19138277710975451 
0.2 0.2 0.2 0.2 0.2 
0.38342244729848923 0.08845658929002344 0.07234925805649903 0.07234925805649903 0.38342244729848923 
0.16525687322312066 0.20246124793788436 0.24855856787208955 0.24855856787208955 0.1351647430948161 
0.25151838657199616 0.16652248585046306 0.1359222350611597 0.1359222350611597 0.31011465745522115 
0.2 0.2 0.2 0.2 0.2 
0.1539964745595897 0.23066901696027353 0.23066901696027353 0.23066901696027353 0.1539964745595897 
0.28355816871840117 0.1877350271753472 0.1877350271753472 0.1877350271753472 0.1532367497555575 
0.27526819822267024 0.1458781847441166 0.1185715032631281 0.1185715032631281 0.34171061050695656 
0.4082440268213996 0.03579923058063634 0.019346146022597252 0.019346146022597252 0.5172644505527697 
0.27464357757772256 0.1465182876179774 0.11934521352779541 0.11934521352779541 0.34014770774870895 
0.2 0.2 0.2 0.2 0.2 
0.1608129911354928 0.19661526726734233 0.24087937523083602 0.24087937523083602 0.1608129911354928 
0.27244750230518255 0.18188812442370433 0.18188812442370433 0.18188812442370433 0.18188812442370433 
0.27341963951723597 0.14775782009145993 0.12085214613704867 0.12085214613704867 0.3371182481172066 
0.17643222088223307 0.21571185274517785 0.21571185274517785 0.21571185274517785 0.17643222088223307 
0.18981930412587236 0.18981930412587236 0.232553433006913 0.232553433006913 0.15525452573442944 
0.5230916528345444 0.09698436896060385 0.07932418821136752 0.07932418821136752 0.22127560178211697 
