0.17063011932628797 0.09042530968236234 0.263564442485972 0.263564442485972 0.21181568601940584 
0.3656723659599173 0.24106244780871766 0.13108839541045503 0.13108839541045503 0.13108839541045503 
0.19147430099047413 0.23410279603810327 0.19147430099047413 0.19147430099047413 0.19147430099047413 
0.045907238248361175 0.045907238248361175 0.3027285078344259 0.3027285078344259 0.3027285078344259 
0.13935833216065807 0.13935833216065807 0.25627028668709545 0.25627028668709545 0.20874276230449285 
0.04401471820451724 0.04401471820451724 0.3620326480667236 0.3620326480667236 0.1879052674575183 
0.2 0.2 0.2 0.2 0.2 
0.2 0.2 0.2 0.2 0.2 
0.0895712004185051 0.0729594524593383 0.2581347856485031 0.2581347856485031 0.32119977582515064 
0.19147430099047413 0.23410279603810327 0.19147430099047413 0.19147430099047413 0.19147430099047413 
0.06231996587633591 0.06231996587633591 0.330271166197766 0.330271166197766 0.21481773585179637 
0.4719176666181743 0.20146431055449177 0.10887267427577793 0.10887267427577793 0.10887267427577793 
0.19147430099047413 0.19147430099047413 0.19147430099047413 0.19147430099047413 0.23410279603810327 
0.19147430099047413 0.23410279603810327 0.19147430099047413 0.19147430099047413 0.19147430099047413 
0.045907238248361175 0.045907238248361175 0.3027285078344259 0.3027285078344259 0.3027285078344259 
0.13935833216065807 0.13935833216065807 0.25627028668709545 0.25627028668709545 0.20874276230449285 
0.04401471820451724 0.04401471820451724 0.3620326480667236 0.3620326480667236 0.1879052674575183 
0.2 0.2 0.2 0.2 0.2 
0.2 0.2 0.2 0.2 0.2 
0.0895712004185051 0.0729594524593383 0.2581347856485031 0.2581347856485031 0.32119977582515064 
0.2 0.2 0.2 0.2 0.2 
0.10618021822534521 0.10618021822534521 0.29619076116561893 0.29619076116561893 0.19525804121807178 
0.16976395521768495 0.2075590111955787 0.2075590111955787 0.2075590111955787 0.2075590111955787 
0.5017597665200488 0.2142040711261039 0.09467872078461574 0.09467872078461574 0.09467872078461574 
0.16218537651713266 0.19829319090211614 0.19829319090211614 0.19829319090211614 0.24293505077651895 
0.16976395521768495 0.2075590111955787 0.2075590111955787 0.2075590111955787 0.2075590111955787 
0.2 0.2 0.2 0.2 0.2 
0.03588165487091428 0.03588165487091428 0.36903905687306826 0.36903905687306826 0.19015857651203477 
0.2 0.2 0.2 0.2 0.2 
0.2 0.2 0.2 0.2 0.2 
0.17643222088223307 0.17643222088223307 0.21571185274517785 0.21571185274517785 0.21571185274517785 
0.1745442993828464 0.26252754417217034 0.1745442993828464 0.1745442993828464 0.2138395576792909 
0.2 0.2 0.2 0.2 0.2 
0.18168360351104154 0.27326558595583417 0.18168360351104154 0.18168360351104154 0.18168360351104154 
0.7010111278613849 0.1707452051419681 0.04565043157804927 0.04565043157804927 0.036942803840548474 
6.889633408964641E-6 5.599975017962749E-6 0.002172555332672139 0.002172555332672139 0.9956423997262287 
1.9413384937129748E-13 1.2852997200574136E-13 0.49999908139903815 0.49999908139903815 1.8372016010157296E-6 
8.251027165873735E-6 0.9999915105978425 7.396901624340336E-8 7.396901624340336E-8 9.043695907593423E-8 
0.9999999969754634 3.0243033688951447E-9 7.760930380089253E-14 7.760930380089253E-14 7.760930380089253E-14 
0.7189467669776624 0.1692495217022071 0.028571918517964864 0.028571918517964864 0.054659874284200785 
0.619626080492459 0.20011095642870688 0.05580383279586019 0.05580383279586019 0.06865529748711331 
0.4301664827874832 0.21667333127028254 0.08993870340665987 0.08993870340665987 0.17328277912891432 
0.0026573573851370116 0.0032693392669561057 0.2691969580491451 0.2691969580491451 0.4556793872496168 
0.3656723659599173 0.24106244780871766 0.13108839541045503 0.13108839541045503 0.13108839541045503 
0.42751970484651897 0.10413092860444093 0.06643286701627839 0.06643286701627839 0.3354836325164834 
0.19147430099047413 0.19147430099047413 0.19147430099047413 0.19147430099047413 0.23410279603810327 
0.2 0.2 0.2 0.2 0.2 
0.19147430099047413 0.23410279603810327 0.19147430099047413 0.19147430099047413 0.19147430099047413 
0.2 0.2 0.2 0.2 0.2 
0.19147430099047413 0.23410279603810327 0.19147430099047413 0.19147430099047413 0.19147430099047413 
0.2 0.2 0.2 0.2 0.2 
0.2 0.2 0.2 0.2 0.2 
0.11507474841754894 0.140694183076139 0.2116144640236728 0.2116144640236728 0.32100214045896636 
0.1069803956435215 0.1307977603879952 0.19672951187344834 0.19672951187344834 0.3687628202215866 
0.07038318773888942 0.0860528068702466 0.30047611926392864 0.30047611926392864 0.24261176686300628 
0.09264399136957231 0.09264399136957231 0.20960063625995434 0.20960063625995434 0.39551074474094633 
0.1416965754677335 0.1732429069302145 0.2122451819968885 0.2122451819968885 0.2605701536082752 
0.2 0.2 0.2 0.2 0.2 
0.0558696259125822 0.0558696259125822 0.2960869160582785 0.2960869160582785 0.2960869160582785 
0.19138277710975451 0.19138277710975451 0.19138277710975451 0.19138277710975451 0.2344688915609822 
0.11646289913390835 0.14239138192914974 0.263489271114926 0.263489271114926 0.21416717670708965 
0.2 0.2 0.2 0.2 0.2 
0.19147430099047413 0.23410279603810327 0.19147430099047413 0.19147430099047413 0.19147430099047413 
0.09809203152176493 0.11993055323620352 0.2219264510849449 0.2219264510849449 0.338124513072142 
0.08703054603471794 0.10662378281304243 0.3038901539767729 0.3038901539767729 0.19856536319869375 
0.05743077329077426 0.03043539722424454 0.3470764292754131 0.3470764292754131 0.21798097093415503 
0.16412388973677702 0.13340182674754855 0.2500572150343293 0.2500572150343293 0.20235985344701576 
0.2 0.2 0.2 0.2 0.2 
0.19147430099047413 0.23410279603810327 0.19147430099047413 0.19147430099047413 0.19147430099047413 
0.3269125353240517 0.17440300370022854 0.1420584696619048 0.1420584696619048 0.21456752165191037 
0.11956298595827518 0.11956298595827518 0.270503003589559 0.270503003589559 0.21986802090433133 
0.4507611185343736 0.2372634761832154 0.10399180176080355 0.10399180176080355 0.10399180176080355 
0.16976395521768495 0.2075590111955787 0.2075590111955787 0.2075590111955787 0.2075590111955787 
0.3941865920781541 0.10230911454614529 0.12730428630350718 0.12730428630350718 0.2488957207686859 
