0.10392443232617614 0.15904894606391318 0.24567554053663695 0.24567554053663695 0.24567554053663695 
0.3149430355956448 0.17126424110108873 0.17126424110108873 0.17126424110108873 0.17126424110108873 
0.27244750230518255 0.18188812442370433 0.18188812442370433 0.18188812442370433 0.18188812442370433 
0.03907350948526542 0.3286897637800492 0.21074557557822843 0.21074557557822843 0.21074557557822843 
0.15797466456898537 0.12920857411556824 0.23760558710514884 0.23760558710514884 0.23760558710514884 
0.04990346875401347 0.02713722400085419 0.34987424676117684 0.34987424676117684 0.22321081372277884 
0.2 0.2 0.2 0.2 0.2 
0.2 0.2 0.2 0.2 0.2 
0.516799042698053 0.20601558788382562 0.08551479200141578 0.08551479200141578 0.10615578541528957 
0.2 0.2 0.2 0.2 0.2 
0.051000918390129615 0.041714004975117104 0.34310867588515465 0.34310867588515465 0.22106772486444412 
0.22835533249813364 0.2803483382118881 0.1524518403685391 0.1524518403685391 0.1863926485529 
0.2901978891013846 0.236378199630766 0.1578079704226164 0.1578079704226164 0.1578079704226164 
0.27244750230518255 0.18188812442370433 0.18188812442370433 0.18188812442370433 0.18188812442370433 
0.03907350948526542 0.3286897637800492 0.21074557557822843 0.21074557557822843 0.21074557557822843 
0.15797466456898537 0.12920857411556824 0.23760558710514884 0.23760558710514884 0.23760558710514884 
0.04990346875401347 0.02713722400085419 0.34987424676117684 0.34987424676117684 0.22321081372277884 
0.2 0.2 0.2 0.2 0.2 
0.2 0.2 0.2 0.2 0.2 
0.516799042698053 0.20601558788382562 0.08551479200141578 0.08551479200141578 0.10615578541528957 
0.3149430355956448 0.17126424110108873 0.17126424110108873 0.17126424110108873 0.17126424110108873 
0.09644569218580783 0.09644569218580783 0.26903620520946153 0.26903620520946153 0.26903620520946153 
0.24293505077651895 0.1621853765171327 0.19829319090211614 0.19829319090211614 0.19829319090211614 
0.23410279603810327 0.19147430099047413 0.19147430099047413 0.19147430099047413 0.19147430099047413 
0.15420048366210765 0.3488679514922727 0.15420048366210765 0.15420048366210765 0.18853059752140414 
0.28261544419331086 0.1536846797760521 0.18789995867687903 0.18789995867687903 0.18789995867687903 
0.2 0.2 0.2 0.2 0.2 
0.026267088754484844 0.026267088754484844 0.3386557848472299 0.3386557848472299 0.27015425279657007 
0.6728086840532764 0.08179782898668078 0.08179782898668078 0.08179782898668078 0.08179782898668078 
0.23410279603810327 0.19147430099047413 0.19147430099047413 0.19147430099047413 0.19147430099047413 
0.16976395521768495 0.2075590111955787 0.2075590111955787 0.2075590111955787 0.2075590111955787 
0.1340948351878152 0.374058859234635 0.16394876852584983 0.16394876852584983 0.16394876852584983 
0.2 0.2 0.2 0.2 0.2 
0.2664925875830114 0.2664925875830114 0.14491716155955217 0.14491716155955217 0.1771805017148727 
0.8366625584852371 0.015119826926497265 0.05279487194027805 0.05279487194027805 0.04262787070770943 
0.0 0.1 0.0 0.0 0.0 
1.7474306960685767E-18 2.6507119743901985E-18 0.4999972314783139 0.4999972314783139 5.5370433723355325E-6 
0.30337560614524467 0.20170257864348456 0.16497393840375685 0.16497393840375685 0.16497393840375685 
0.832750620748824 0.03559322598465342 0.04388538442217421 0.04388538442217421 0.04388538442217421 
0.9005430640808955 0.07368027518471529 0.007966318167113332 0.007966318167113332 0.00984402440016256 
1.0 2.78950981751638E-20 1.8389304946019797E-20 1.8389304946019797E-20 1.8389304946019797E-20 
0.20515083614874988 0.6701643109072299 0.03531719782296757 0.03531719782296757 0.05405045729808501 
0.0019860657825668078 0.7774469881924807 0.06695153620920477 0.06695153620920477 0.08666387360654283 
0.46287189623337455 0.13428202594165645 0.13428202594165645 0.13428202594165645 0.13428202594165645 
0.002919408168927482 0.9940603201214973 7.691674551883462E-4 7.691674551883462E-4 0.0014819367991987496 
0.18188812442370433 0.27244750230518255 0.18188812442370433 0.18188812442370433 0.18188812442370433 
0.27244750230518255 0.18188812442370433 0.18188812442370433 0.18188812442370433 0.18188812442370433 
0.3149430355956448 0.17126424110108873 0.17126424110108873 0.17126424110108873 0.17126424110108873 
0.2 0.2 0.2 0.2 0.2 
0.2 0.2 0.2 0.2 0.2 
0.2 0.2 0.2 0.2 0.2 
0.2 0.2 0.2 0.2 0.2 
0.09398404889589616 0.6589241015910885 0.07655390030855966 0.07655390030855966 0.09398404889589616 
0.06646539737667809 0.7190052592427 0.06646539737667809 0.06646539737667809 0.08159854862726601 
0.6312728479144498 0.05535679828004221 0.10445678460183597 0.10445678460183597 0.10445678460183597 
0.025675158611784907 0.8393196946376382 0.0384584362350957 0.0384584362350957 0.05808827428038532 
0.12072679996167429 0.3367685937304116 0.18083486876930466 0.18083486876930466 0.18083486876930466 
0.2 0.2 0.2 0.2 0.2 
0.050985340879063486 0.17802879329420798 0.274992831490151 0.274992831490151 0.2210002028464268 
0.25945786222534833 0.31990379377312855 0.14021278133384094 0.14021278133384094 0.14021278133384094 
0.13569845015939114 0.11098870380655795 0.25110428201135027 0.25110428201135027 0.25110428201135027 
0.2 0.2 0.2 0.2 0.2 
0.2 0.2 0.2 0.2 0.2 
0.05042083364493866 0.6500646931328803 0.09272040855292737 0.09272040855292737 0.11407365611632617 
0.1038516316480568 0.05647392979392571 0.29928948757484836 0.29928948757484836 0.2410954634083204 
0.01890190848362222 0.043881490476763575 0.33601187047657155 0.33601187047657155 0.2651928600864712 
0.932506921325498 0.007497993395553978 0.02137015126809967 0.02137015126809967 0.01725478274274884 
0.23410279603810327 0.19147430099047413 0.19147430099047413 0.19147430099047413 0.19147430099047413 
0.3149430355956448 0.17126424110108873 0.17126424110108873 0.17126424110108873 0.17126424110108873 
0.1312833027176929 0.5872107402448521 0.0872851348447382 0.0872851348447382 0.10693568734797887 
0.10161103672976128 0.10161103672976128 0.28344498452567385 0.28344498452567385 0.22988795748912974 
0.20572133881923121 0.2520355018974585 0.16826091023203954 0.16826091023203954 0.20572133881923121 
0.19455677292453688 0.292627785487911 0.15912933433150755 0.15912933433150755 0.19455677292453688 
0.2896479792554807 0.6048290060585302 0.029769626057001855 0.029769626057001855 0.04598376257198547 
