0.34743401606081953 0.06441637640462396 0.18161140191514022 0.18161140191514022 0.22492680370427573 
0.12907397900620568 0.157810104148752 0.29202096891941826 0.29202096891941826 0.12907397900620568 
0.16826091023203954 0.2520355018974585 0.20572133881923121 0.20572133881923121 0.16826091023203954 
0.3317204241000231 0.05030371486961558 0.05030371486961558 0.05030371486961558 0.5173684312911301 
0.3149430355956448 0.17126424110108873 0.17126424110108873 0.17126424110108873 0.17126424110108873 
0.7532847674714594 0.05842687097018048 0.05842687097018048 0.05842687097018048 0.0714346196179989 
0.2 0.2 0.2 0.2 0.2 
0.2 0.2 0.2 0.2 0.2 
0.2301449924934208 0.053908903820744626 0.0807493410826445 0.0807493410826445 0.5544474215205454 
0.19147430099047413 0.23410279603810327 0.19147430099047413 0.19147430099047413 0.19147430099047413 
0.6607753732595164 0.08033485931672686 0.08033485931672686 0.08033485931672686 0.09822004879030265 
0.0912776069430139 0.11159901297714926 0.31463510259902105 0.31463510259902105 0.1678531748817946 
0.18188812442370433 0.18188812442370433 0.18188812442370433 0.18188812442370433 0.27244750230518255 
0.16826091023203954 0.2520355018974585 0.20572133881923121 0.20572133881923121 0.16826091023203954 
0.3317204241000231 0.05030371486961558 0.05030371486961558 0.05030371486961558 0.5173684312911301 
0.3149430355956448 0.17126424110108873 0.17126424110108873 0.17126424110108873 0.17126424110108873 
0.7532847674714594 0.05842687097018048 0.05842687097018048 0.05842687097018048 0.0714346196179989 
0.2 0.2 0.2 0.2 0.2 
0.2 0.2 0.2 0.2 0.2 
0.2301449924934208 0.053908903820744626 0.0807493410826445 0.0807493410826445 0.5544474215205454 
0.2 0.2 0.2 0.2 0.2 
0.46287189623337455 0.13428202594165645 0.13428202594165645 0.13428202594165645 0.13428202594165645 
0.22453136198566015 0.22453136198566015 0.18364575867622646 0.18364575867622646 0.18364575867622646 
0.09884686150145375 0.12085343326691476 0.3407264218650889 0.3407264218650889 0.09884686150145375 
0.1536846797760521 0.18789995867687906 0.18789995867687906 0.18789995867687906 0.28261544419331086 
0.19829319090211614 0.24293505077651895 0.19829319090211614 0.19829319090211614 0.1621853765171327 
0.2 0.2 0.2 0.2 0.2 
0.7932753189568118 0.048956345912953905 0.048956345912953905 0.048956345912953905 0.05985564330432642 
0.2 0.2 0.2 0.2 0.2 
0.2 0.2 0.2 0.2 0.2 
0.22453136198566015 0.18364575867622646 0.18364575867622646 0.18364575867622646 0.22453136198566015 
0.12479128638093949 0.2847187365040618 0.15288562030546832 0.15288562030546832 0.2847187365040618 
0.2 0.2 0.2 0.2 0.2 
0.11595264404123742 0.32345103891999977 0.1736837319908059 0.1736837319908059 0.21322885305715095 
0.06926340567978831 0.06926340567978831 0.418585614389717 0.418585614389717 0.024301959860989382 
2.0586489068619134E-22 1.1951964277455776E-23 1.4673243172808147E-23 1.4673243172808147E-23 1.0 
1.0 1.2226329843071736E-20 1.8389304946019797E-20 1.8389304946019797E-20 1.2892779554392833E-19 
3.833759992447534E-19 0.9999999999999791 1.0485760000000078E-14 1.0485760000000078E-14 4.687281420683378E-19 
1.5335490887893415E-8 7.087879817969087E-8 0.4999999506739332 0.4999999506739332 1.243784462515914E-8 
0.024999521412948728 0.04749493017721367 0.37225621131021475 0.37225621131021475 0.18299312578940818 
0.06696599399716892 0.08238807280880801 0.37453195023092606 0.37453195023092606 0.10158203273217085 
0.036990282652071646 0.07027538098731624 0.17096464650999252 0.17096464650999252 0.5508050433406271 
0.1024686611653453 0.001986145267824427 0.0016108624382997379 0.0016108624382997379 0.8923234686902309 
0.12907397900620568 0.157810104148752 0.29202096891941826 0.29202096891941826 0.12907397900620568 
0.0011237560811710667 9.094043371823953E-4 0.008411057707233459 0.008411057707233459 0.9811447241671796 
0.19147430099047413 0.19147430099047413 0.19147430099047413 0.19147430099047413 0.23410279603810327 
0.2 0.2 0.2 0.2 0.2 
0.16826091023203954 0.2520355018974585 0.20572133881923121 0.20572133881923121 0.16826091023203954 
0.2 0.2 0.2 0.2 0.2 
0.19147430099047413 0.23410279603810327 0.19147430099047413 0.19147430099047413 0.19147430099047413 
0.2 0.2 0.2 0.2 0.2 
0.2 0.2 0.2 0.2 0.2 
0.0805666278886043 0.0805666278886043 0.0805666278886043 0.0805666278886043 0.6777334884455825 
0.07051734768401444 0.07051734768401444 0.05767662789171134 0.05767662789171134 0.7436120488485481 
0.407566299136413 0.14299989648350991 0.11672216784589332 0.11672216784589332 0.21598946868829036 
0.049438428465164566 0.033005488954387784 0.033005488954387784 0.033005488954387784 0.8515451046716722 
0.19945133085666558 0.16280005992887628 0.13315529845707297 0.13315529845707297 0.3714380123003122 
0.2 0.2 0.2 0.2 0.2 
0.47566293312289976 0.07213186413461399 0.07213186413461399 0.07213186413461399 0.30794147447325854 
0.1536879733092038 0.18828783494659718 0.1536879733092038 0.1536879733092038 0.3506482451257911 
0.3264535747129339 0.17641771690510538 0.17641771690510538 0.17641771690510538 0.1442932745717498 
0.2 0.2 0.2 0.2 0.2 
0.16826091023203954 0.2520355018974585 0.20572133881923121 0.20572133881923121 0.16826091023203954 
0.09524937076202697 0.09524937076202697 0.0777463013239529 0.0777463013239529 0.65400865582804 
0.49041196028005923 0.1701699671027345 0.11313935753906872 0.11313935753906872 0.11313935753906872 
0.7048063293663712 0.032294904372202164 0.0743187582654609 0.0743187582654609 0.11426124973050447 
0.39013370135831144 0.13688344455166646 0.16804970476917785 0.16804970476917785 0.13688344455166646 
0.2 0.2 0.2 0.2 0.2 
0.16826091023203954 0.2520355018974585 0.20572133881923121 0.20572133881923121 0.16826091023203954 
0.09013489292292788 0.09013489292292788 0.16679083324088623 0.16679083324088623 0.48614854767237153 
0.41085584857976054 0.14728603785505995 0.14728603785505995 0.14728603785505995 0.14728603785505995 
0.07978259229661892 0.11950515223309281 0.34060355161859773 0.34060355161859773 0.11950515223309281 
0.14744735787752716 0.22085919299300535 0.18027400319000136 0.18027400319000136 0.271145442749465 
0.05385617722014121 0.018896134895834665 0.12974611469556274 0.12974611469556274 0.6677554584928987 
