0.21779808464061792 0.17625401643726032 0.0946432432414097 0.0946432432414097 0.4166614124393024 
0.2 0.2 0.2 0.2 0.2 
0.18981930412587236 0.18981930412587236 0.232553433006913 0.232553433006913 0.15525452573442944 
0.23720323383940922 0.19195771507857232 0.10307566935198606 0.10307566935198606 0.3646877123780464 
0.2412974146702102 0.19654673792398214 0.16042921636779894 0.16042921636779894 0.2412974146702102 
0.23166856484748471 0.1861823071786817 0.06460412806737921 0.06460412806737921 0.4529408718390751 
0.2 0.2 0.2 0.2 0.2 
0.2 0.2 0.2 0.2 0.2 
0.23707514322512163 0.19227971360533827 0.10390925604429395 0.10390925604429395 0.36282663108095187 
0.18364575867622646 0.18364575867622646 0.22453136198566015 0.22453136198566015 0.18364575867622646 
0.26540950852326006 0.17262987366073745 0.07501558680172174 0.07501558680172174 0.41192944421255945 
0.2 0.2 0.2 0.2 0.2 
0.2 0.2 0.2 0.2 0.2 
0.18981930412587236 0.18981930412587236 0.232553433006913 0.232553433006913 0.15525452573442944 
0.23720323383940922 0.19195771507857232 0.10307566935198606 0.10307566935198606 0.3646877123780464 
0.2412974146702102 0.19654673792398214 0.16042921636779894 0.16042921636779894 0.2412974146702102 
0.23166856484748471 0.1861823071786817 0.06460412806737921 0.06460412806737921 0.4529408718390751 
0.2 0.2 0.2 0.2 0.2 
0.2 0.2 0.2 0.2 0.2 
0.23707514322512163 0.19227971360533827 0.10390925604429395 0.10390925604429395 0.36282663108095187 
0.2 0.2 0.2 0.2 0.2 
0.21718348483535063 0.21718348483535063 0.1173674222371107 0.1173674222371107 0.3308981858550774 
0.2 0.2 0.2 0.2 0.2 
0.2 0.2 0.2 0.2 0.2 
0.17643222088223307 0.21571185274517785 0.21571185274517785 0.21571185274517785 0.17643222088223307 
0.20763086935860398 0.20763086935860398 0.20763086935860398 0.20763086935860398 0.16947652256558413 
0.2 0.2 0.2 0.2 0.2 
0.24621777082334625 0.15864012262788516 0.05504715756390706 0.05504715756390706 0.48504779142095417 
0.2 0.2 0.2 0.2 0.2 
0.2 0.2 0.2 0.2 0.2 
0.21571185274517785 0.21571185274517785 0.17643222088223307 0.17643222088223307 0.21571185274517785 
0.15105989789767246 0.1854539190426661 0.28131869550533223 0.28131869550533223 0.10084879204899692 
0.2 0.2 0.2 0.2 0.2 
0.15644051632405573 0.15644051632405573 0.2913390157742328 0.2913390157742328 0.1044409358034228 
0.24305779950430395 0.19625081131914288 0.1588167948361244 0.1588167948361244 0.24305779950430395 
0.09398404889589616 0.09398404889589616 0.07655390030855966 0.07655390030855966 0.6589241015910885 
1.716191960359389E-12 3.951972663923714E-15 7.800085483208703E-21 7.800085483208703E-21 0.9999999999982798 
3.1409441098301087E-12 1.0127031295723455E-10 0.49999999994779354 0.49999999994779354 1.8794986726811064E-15 
0.20632844588608576 0.20632844588608576 0.13717971629795953 0.13717971629795953 0.3129836756319093 
0.17547213980648643 0.17547213980648643 0.2163519067956756 0.2163519067956756 0.2163519067956756 
0.1912892734505546 0.1912892734505546 0.1912892734505546 0.1912892734505546 0.23484290619778161 
0.16536643672491538 0.16536643672491538 0.25195034491262724 0.25195034491262724 0.16536643672491538 
0.15744813424047027 0.09834543711666245 0.025525055375461465 0.025525055375461465 0.6931563178919445 
0.2 0.2 0.2 0.2 0.2 
0.18126056965408557 0.18126056965408557 0.18126056965408557 0.18126056965408557 0.27495772138365754 
0.2 0.2 0.2 0.2 0.2 
0.2 0.2 0.2 0.2 0.2 
0.18981930412587236 0.18981930412587236 0.232553433006913 0.232553433006913 0.15525452573442944 
0.2 0.2 0.2 0.2 0.2 
0.18364575867622646 0.18364575867622646 0.22453136198566015 0.22453136198566015 0.18364575867622646 
0.2 0.2 0.2 0.2 0.2 
0.2 0.2 0.2 0.2 0.2 
0.2 0.2 0.2 0.2 0.2 
0.17643222088223307 0.17643222088223307 0.21571185274517785 0.21571185274517785 0.21571185274517785 
0.24302927662872584 0.19667246472041058 0.1296525255268338 0.1296525255268338 0.3009932075971957 
0.19147430099047413 0.19147430099047413 0.19147430099047413 0.19147430099047413 0.23410279603810327 
0.19138277710975451 0.19138277710975451 0.19138277710975451 0.19138277710975451 0.2344688915609822 
0.2 0.2 0.2 0.2 0.2 
0.21779808464061792 0.17625401643726032 0.0946432432414097 0.0946432432414097 0.4166614124393024 
0.18981930412587236 0.18981930412587236 0.232553433006913 0.232553433006913 0.15525452573442944 
0.2194374245698725 0.2194374245698725 0.14528268062636793 0.14528268062636793 0.27055978960751903 
0.2 0.2 0.2 0.2 0.2 
0.2075590111955787 0.2075590111955787 0.2075590111955787 0.2075590111955787 0.16976395521768498 
0.2 0.2 0.2 0.2 0.2 
0.23248936928728112 0.23248936928728112 0.12320757495022537 0.12320757495022537 0.2886061115249867 
0.18620467859925563 0.14854016398066244 0.03267528401121862 0.03267528401121862 0.5999045893976448 
0.24302927662872584 0.19667246472041058 0.1296525255268338 0.1296525255268338 0.3009932075971957 
0.2 0.2 0.2 0.2 0.2 
0.2075590111955787 0.2075590111955787 0.2075590111955787 0.2075590111955787 0.16976395521768498 
0.19147430099047413 0.19147430099047413 0.19147430099047413 0.19147430099047413 0.23410279603810327 
0.24233051822467144 0.1969690936505227 0.13095704894400648 0.13095704894400648 0.2987862902367926 
0.17643222088223307 0.21571185274517785 0.21571185274517785 0.21571185274517785 0.17643222088223307 
0.2075590111955787 0.2075590111955787 0.2075590111955787 0.2075590111955787 0.16976395521768498 
0.20917883943733923 0.1700230194557733 0.11304165779420687 0.11304165779420687 0.3947148255184736 
