0.1629167257054594 0.1315429484771112 0.25164992061037644 0.2022404845966767 0.25164992061037644 
0.19147430099047413 0.23410279603810327 0.19147430099047413 0.19147430099047413 0.19147430099047413 
0.18188812442370433 0.27244750230518255 0.18188812442370433 0.18188812442370433 0.18188812442370433 
0.142531686226325 0.142531686226325 0.22016209427241043 0.27461243900252935 0.22016209427241043 
0.19822239763321575 0.24387245456600376 0.19822239763321575 0.16146035253434876 0.19822239763321575 
0.2599122336098867 0.04647208619979906 0.32581675303417706 0.10788669354625013 0.2599122336098867 
0.19147430099047413 0.23410279603810327 0.19147430099047413 0.19147430099047413 0.19147430099047413 
0.19147430099047413 0.23410279603810327 0.19147430099047413 0.19147430099047413 0.19147430099047413 
0.03220861434446884 0.7811667860795062 0.0492929915612972 0.07614060102996985 0.06119100698475786 
0.19147430099047413 0.23410279603810327 0.19147430099047413 0.19147430099047413 0.19147430099047413 
0.2532159198758005 0.07061291948316331 0.31584111507099016 0.10711412569424551 0.2532159198758005 
0.09058284121894561 0.5973351785890341 0.09058284121894561 0.11074956948653744 0.11074956948653744 
0.14260975970711393 0.3978113247766285 0.14260975970711393 0.1743593961020298 0.14260975970711393 
0.18188812442370433 0.27244750230518255 0.18188812442370433 0.18188812442370433 0.18188812442370433 
0.142531686226325 0.142531686226325 0.22016209427241043 0.27461243900252935 0.22016209427241043 
0.19822239763321575 0.24387245456600376 0.19822239763321575 0.16146035253434876 0.19822239763321575 
0.2599122336098867 0.04647208619979906 0.32581675303417706 0.10788669354625013 0.2599122336098867 
0.19147430099047413 0.23410279603810327 0.19147430099047413 0.19147430099047413 0.19147430099047413 
0.19147430099047413 0.23410279603810327 0.19147430099047413 0.19147430099047413 0.19147430099047413 
0.03220861434446884 0.7811667860795062 0.0492929915612972 0.07614060102996985 0.06119100698475786 
0.17126424110108873 0.3149430355956448 0.17126424110108873 0.17126424110108873 0.17126424110108873 
0.23510480180400922 0.08428176173738787 0.29052033285693935 0.1549883017976542 0.23510480180400922 
0.22478382974577063 0.22478382974577063 0.18347744683615302 0.18347744683615302 0.18347744683615302 
0.17126424110108873 0.3149430355956448 0.17126424110108873 0.17126424110108873 0.17126424110108873 
0.1682609102320395 0.20572133881923121 0.1682609102320395 0.2520355018974585 0.20572133881923121 
0.19138277710975451 0.2344688915609822 0.19138277710975451 0.19138277710975451 0.19138277710975451 
0.2 0.2 0.2 0.2 0.2 
0.2640243100960827 0.03138630259195837 0.3309715061997071 0.10959357101616884 0.2640243100960827 
0.14728603785505995 0.41085584857976054 0.14728603785505995 0.14728603785505995 0.14728603785505995 
0.18188812442370433 0.27244750230518255 0.18188812442370433 0.18188812442370433 0.18188812442370433 
0.19138277710975451 0.2344688915609822 0.19138277710975451 0.19138277710975451 0.19138277710975451 
0.18168360351104154 0.18168360351104154 0.18168360351104154 0.27326558595583417 0.18168360351104154 
0.2 0.2 0.2 0.2 0.2 
0.14572217824025804 0.41083976711303327 0.11918718054448732 0.178528695861963 0.14572217824025804 
0.01666338978003516 0.9443880405325746 0.01666338978003516 0.008830751494325736 0.013454428413029046 
6.2587726391861E-7 2.8452059171794554E-6 9.043324501209864E-6 0.9999002510336413 8.723455867626443E-5 
6.415787238821267E-6 1.237129552236015E-19 0.9999911661699209 1.056642965463087E-13 2.4180427346625544E-6 
0.9405227678774855 0.024532646011495858 0.010843489246583115 0.013257607617852118 0.010843489246583115 
0.014689249693444683 0.9343986884438472 0.01811140608463173 0.014689249693444683 0.01811140608463173 
4.004380124117605E-11 0.9999999997328568 4.937281076887634E-11 1.167164612012186E-10 6.101026141785934E-11 
1.377873380133012E-5 0.9999315777528198 1.691594009042219E-5 2.0811633197859483E-5 1.691594009042219E-5 
0.05771112357906883 0.5208529947864027 0.0711560914651299 0.26235180563388316 0.08792798453551548 
0.06585239051590552 0.010232892314092858 0.17904266716146827 0.5131143943130014 0.23175765569553175 
0.13428202594165645 0.46287189623337455 0.13428202594165645 0.13428202594165645 0.13428202594165645 
0.00231430191363964 0.8978520346543077 0.004338080709857912 0.08514405353511499 0.01035152918707967 
0.18364575867622646 0.22453136198566015 0.18364575867622646 0.22453136198566015 0.18364575867622646 
0.10753145569987334 0.5698741772005067 0.10753145569987334 0.10753145569987334 0.10753145569987334 
0.19147430099047413 0.23410279603810327 0.19147430099047413 0.19147430099047413 0.19147430099047413 
0.2 0.2 0.2 0.2 0.2 
0.2 0.2 0.2 0.2 0.2 
0.19147430099047413 0.23410279603810327 0.19147430099047413 0.19147430099047413 0.19147430099047413 
0.19147430099047413 0.23410279603810327 0.19147430099047413 0.19147430099047413 0.19147430099047413 
0.11103139572703344 0.16631226771474833 0.13575064670952777 0.3827266703880371 0.20417901946065325 
0.098972205267039 0.14824898661237979 0.14824898661237979 0.42252681512464435 0.18200300638355704 
0.16626595916107326 0.2556253188936059 0.2059213813921236 0.16626595916107326 0.2059213813921236 
0.0904165635793146 0.0904165635793146 0.13543361883713867 0.4791720193844631 0.20456123461976922 
0.16794486262638186 0.16794486262638186 0.20575438593822215 0.2526015028707924 0.20575438593822215 
0.2 0.2 0.2 0.2 0.2 
0.17138474952062246 0.13838023799172383 0.26473008479600607 0.21275246384582389 0.21275246384582389 
0.16644063976223641 0.2503390403566456 0.16644063976223641 0.2503390403566456 0.16644063976223641 
0.23795498105700158 0.12859247910269742 0.23795498105700158 0.15754257772629807 0.23795498105700158 
0.2 0.2 0.2 0.2 0.2 
0.19147430099047413 0.23410279603810327 0.19147430099047413 0.19147430099047413 0.19147430099047413 
0.11373350954506437 0.13933839982413168 0.13933839982413168 0.3971306087655796 0.21045908204109262 
0.28875297907673764 0.06661608848523548 0.28875297907673764 0.12327027353548574 0.2326076798258033 
0.2125394157829916 0.04443749162989754 0.3402693144562971 0.13420078751073983 0.2685529906200741 
0.1378097786629363 0.5230629440609232 0.1378097786629363 0.09004651317077261 0.1112709854424312 
0.14728603785505995 0.41085584857976054 0.14728603785505995 0.14728603785505995 0.14728603785505995 
0.13428202594165645 0.46287189623337455 0.13428202594165645 0.13428202594165645 0.13428202594165645 
0.05954180331959144 0.6123812020552958 0.07279777268365967 0.1660924449126225 0.08918677702883056 
0.21804598087222613 0.11783352092143091 0.26884418109259123 0.17723033624152523 0.21804598087222613 
0.16497393840375685 0.30337560614524467 0.16497393840375685 0.20170257864348454 0.16497393840375685 
0.16826091023203954 0.2520355018974585 0.16826091023203954 0.20572133881923121 0.20572133881923121 
0.051141515447297274 0.36627999661412824 0.09650265964200054 0.36627999661412824 0.11979583168244563 
