0.1675873241987539 0.05944212776505586 0.25765684934539673 0.25765684934539673 0.25765684934539673 
0.19147430099047413 0.23410279603810327 0.19147430099047413 0.19147430099047413 0.19147430099047413 
0.2 0.2 0.2 0.2 0.2 
0.26322444764158226 0.03991664847528845 0.26322444764158226 0.26322444764158226 0.17041000859996497 
0.14631218825544054 0.14631218825544054 0.21915883938712738 0.21915883938712738 0.2690579447148641 
0.03947713794976417 0.13607820981650345 0.2092132145048164 0.2092132145048164 0.4060182232240994 
0.18188812442370433 0.27244750230518255 0.18188812442370433 0.18188812442370433 0.18188812442370433 
0.18188812442370433 0.27244750230518255 0.18188812442370433 0.18188812442370433 0.18188812442370433 
0.34617477591334 0.09389088807029408 0.22195641738737132 0.22195641738737132 0.11602150124162329 
0.2 0.2 0.2 0.2 0.2 
0.061247079873988544 0.11262912288559587 0.2111194837970905 0.2111194837970905 0.40388482964623457 
0.2520355018974585 0.16826091023203954 0.20572133881923121 0.20572133881923121 0.16826091023203954 
0.232553433006913 0.232553433006913 0.18981930412587236 0.18981930412587236 0.1552545257344294 
0.2 0.2 0.2 0.2 0.2 
0.26322444764158226 0.03991664847528845 0.26322444764158226 0.26322444764158226 0.17041000859996497 
0.14631218825544054 0.14631218825544054 0.21915883938712738 0.21915883938712738 0.2690579447148641 
0.03947713794976417 0.13607820981650345 0.2092132145048164 0.2092132145048164 0.4060182232240994 
0.18188812442370433 0.27244750230518255 0.18188812442370433 0.18188812442370433 0.18188812442370433 
0.18188812442370433 0.27244750230518255 0.18188812442370433 0.18188812442370433 0.18188812442370433 
0.34617477591334 0.09389088807029408 0.22195641738737132 0.22195641738737132 0.11602150124162329 
0.17126424110108873 0.3149430355956448 0.17126424110108873 0.17126424110108873 0.17126424110108873 
0.10736097116512125 0.10736097116512125 0.242896787293286 0.242896787293286 0.29948448308318537 
0.16218537651713266 0.19829319090211614 0.19829319090211614 0.19829319090211614 0.24293505077651895 
0.1743593961020298 0.3978113247766285 0.14260975970711393 0.14260975970711393 0.14260975970711393 
0.292627785487911 0.15912933433150755 0.19455677292453685 0.19455677292453685 0.15912933433150755 
0.19138277710975451 0.2344688915609822 0.19138277710975451 0.19138277710975451 0.19138277710975451 
0.2 0.2 0.2 0.2 0.2 
0.03922801097548242 0.03922801097548242 0.20789294009242973 0.20789294009242973 0.505758097864176 
0.17126424110108873 0.3149430355956448 0.17126424110108873 0.17126424110108873 0.17126424110108873 
0.2 0.2 0.2 0.2 0.2 
0.2075590111955787 0.16976395521768495 0.2075590111955787 0.2075590111955787 0.2075590111955787 
0.3024303120817228 0.13367493401903027 0.20022968519625123 0.20022968519625123 0.16343538350674464 
0.2 0.2 0.2 0.2 0.2 
0.25033904035664556 0.25033904035664556 0.16644063976223641 0.16644063976223641 0.16644063976223641 
0.49757204891783313 0.31249957987420585 0.05379753594574276 0.05379753594574276 0.08233329931647547 
0.9999999999981808 2.1586498361576843E-16 9.094947017712961E-13 9.094947017712961E-13 1.892936531837359E-17 
9.275836201226703E-17 6.114915941954244E-17 5.018027490773888E-9 5.018027490773888E-9 0.9999999899639448 
0.046042350771718504 0.08574462340675469 0.03758158660916046 0.03758158660916046 0.7930498526032059 
0.09529227548593666 0.7296774877087054 0.06226508178787934 0.06226508178787934 0.050500073229599395 
0.4955243290997557 0.3095149839808657 0.08033303158005003 0.08033303158005003 0.034294623759278726 
5.666916166159749E-4 0.9986338416817196 3.003178168615589E-4 3.003178168615589E-4 1.9883106794125303E-4 
7.128446144086707E-12 0.9999999999902924 1.131693636666951E-12 1.131693636666951E-12 3.155891291699494E-13 
0.405085367699413 0.08345683924617425 0.23592745921759367 0.23592745921759367 0.03960287461922496 
0.18188812442370433 0.27244750230518255 0.18188812442370433 0.18188812442370433 0.18188812442370433 
0.9137852603964999 0.05876657075856194 0.013348629570002057 0.013348629570002057 7.509097049342045E-4 
0.21571185274517785 0.17643222088223307 0.21571185274517785 0.21571185274517785 0.17643222088223307 
0.2 0.2 0.2 0.2 0.2 
0.18188812442370433 0.27244750230518255 0.18188812442370433 0.18188812442370433 0.18188812442370433 
0.2 0.2 0.2 0.2 0.2 
0.2 0.2 0.2 0.2 0.2 
0.2 0.2 0.2 0.2 0.2 
0.2 0.2 0.2 0.2 0.2 
0.6148294560532036 0.07143097781946338 0.13302583795239897 0.13302583795239897 0.04768789022253504 
0.549910721076676 0.0983235689876232 0.14914895467193173 0.14914895467193173 0.05346780059183728 
0.06296449838483853 0.5548114059120638 0.11802482391745495 0.11802482391745495 0.1461744478681873 
0.6421813456462147 0.05783517118675897 0.1342665221267333 0.1342665221267333 0.03145043891355954 
0.303607266680196 0.16302820764655693 0.20014722929997011 0.20014722929997011 0.13307006707330668 
0.2 0.2 0.2 0.2 0.2 
0.20968163383551233 0.06005034005659574 0.2602931961361897 0.2602931961361897 0.20968163383551233 
0.3234510389199997 0.21322885305715092 0.17368373199080592 0.17368373199080592 0.1159526440412374 
0.1115417134778098 0.16707666504426913 0.20511745833449246 0.20511745833449246 0.311146704808936 
0.2 0.2 0.2 0.2 0.2 
0.23410279603810327 0.19147430099047413 0.19147430099047413 0.19147430099047413 0.19147430099047413 
0.4707354488146334 0.15776837961410367 0.15776837961410367 0.15776837961410367 0.05595941234305537 
0.07475792022138053 0.11197877105159056 0.20853795239463796 0.20853795239463796 0.3961874039377529 
0.0659438211005198 0.034946880821492436 0.2502926101625147 0.2502926101625147 0.3985240777529585 
0.07481447434659251 0.5245258197956888 0.11348754686202378 0.11348754686202378 0.17368461213367106 
0.19147430099047413 0.23410279603810327 0.19147430099047413 0.19147430099047413 0.19147430099047413 
0.18188812442370433 0.27244750230518255 0.18188812442370433 0.18188812442370433 0.18188812442370433 
0.324134760947353 0.40429955739392137 0.11120614700916222 0.11120614700916222 0.04915338764040095 
0.10277701661735116 0.23252590650980884 0.1889997900018535 0.1889997900018535 0.28669749686913265 
0.17374953630073647 0.5007279024950007 0.11551927313888831 0.11551927313888831 0.09448401492648606 
0.292627785487911 0.15912933433150755 0.19455677292453685 0.19455677292453685 0.15912933433150755 
0.6310038087282716 0.15112882501680425 0.09592509220463241 0.09592509220463241 0.026017181845659466 
