0.14544747042791942 0.1805546163251764 0.2246659710823015 0.2246659710823015 0.2246659710823015 
0.23410279603810327 0.19147430099047413 0.19147430099047413 0.19147430099047413 0.19147430099047413 
0.27244750230518255 0.18188812442370433 0.18188812442370433 0.18188812442370433 0.18188812442370433 
0.20817468468718403 0.20817468468718403 0.20817468468718403 0.20817468468718403 0.16730126125126416 
0.27274102755513 0.1464539415020973 0.1797992570417842 0.1797992570417842 0.22120651685920398 
0.034378021647401176 0.12163143979071454 0.23604905258447753 0.23604905258447753 0.37189243339292954 
0.23410279603810327 0.19147430099047413 0.19147430099047413 0.19147430099047413 0.19147430099047413 
0.23410279603810327 0.19147430099047413 0.19147430099047413 0.19147430099047413 0.19147430099047413 
0.7591643857725231 0.07399601934353703 0.059467496647582566 0.059467496647582566 0.04790460158877471 
0.23410279603810327 0.19147430099047413 0.19147430099047413 0.19147430099047413 0.19147430099047413 
0.07752553095738773 0.11811698099742332 0.2259652017448201 0.2259652017448201 0.3524270845555486 
0.8139295921568367 0.048736234508708266 0.048736234508708266 0.048736234508708266 0.03986170431703805 
0.44943574140873904 0.1594119178805977 0.13038411357022106 0.13038411357022106 0.13038411357022106 
0.27244750230518255 0.18188812442370433 0.18188812442370433 0.18188812442370433 0.18188812442370433 
0.20817468468718403 0.20817468468718403 0.20817468468718403 0.20817468468718403 0.16730126125126416 
0.27274102755513 0.1464539415020973 0.1797992570417842 0.1797992570417842 0.22120651685920398 
0.034378021647401176 0.12163143979071454 0.23604905258447753 0.23604905258447753 0.37189243339292954 
0.23410279603810327 0.19147430099047413 0.19147430099047413 0.19147430099047413 0.19147430099047413 
0.23410279603810327 0.19147430099047413 0.19147430099047413 0.19147430099047413 0.19147430099047413 
0.7591643857725231 0.07399601934353703 0.059467496647582566 0.059467496647582566 0.04790460158877471 
0.27244750230518255 0.18188812442370433 0.18188812442370433 0.18188812442370433 0.18188812442370433 
0.08137713769038649 0.18411015743996714 0.22700232450870506 0.22700232450870506 0.2805080558522363 
0.19138277710975451 0.19138277710975451 0.19138277710975451 0.19138277710975451 0.2344688915609822 
0.41085584857976054 0.14728603785505995 0.14728603785505995 0.14728603785505995 0.14728603785505995 
0.19829319090211614 0.24293505077651895 0.19829319090211614 0.19829319090211614 0.1621853765171327 
0.2 0.2 0.2 0.2 0.2 
0.2 0.2 0.2 0.2 0.2 
0.025733756410148488 0.11154510862510908 0.21647459946782352 0.21647459946782352 0.42977193602909536 
0.23410279603810327 0.19147430099047413 0.19147430099047413 0.19147430099047413 0.19147430099047413 
0.3149430355956448 0.17126424110108873 0.17126424110108873 0.17126424110108873 0.17126424110108873 
0.26252754417217034 0.1745442993828464 0.1745442993828464 0.1745442993828464 0.2138395576792909 
0.19829319090211614 0.24293505077651895 0.19829319090211614 0.19829319090211614 0.1621853765171327 
0.2 0.2 0.2 0.2 0.2 
0.4776910189859205 0.13680505825602718 0.13680505825602718 0.13680505825602718 0.11189380624599793 
0.9649457920640648 0.006526272529073187 0.008064551863309115 0.008064551863309115 0.012398831680243682 
7.181853362416625E-5 0.9971176171221692 0.001397643207137355 0.001397643207137355 1.5277929932005637E-5 
2.262430980805216E-40 5.550381891761118E-33 3.5942981993963345E-27 3.5942981993963345E-27 1.0 
0.3978113247766285 0.1743593961020298 0.14260975970711393 0.14260975970711393 0.14260975970711393 
0.9972629905391561 6.842523652109494E-4 6.842523652109494E-4 6.842523652109494E-4 6.842523652109494E-4 
1.0 5.299604413345655E-20 3.4470130532176045E-20 3.4470130532176045E-20 2.2624309808051252E-20 
0.7683329928556217 0.06737570709389006 0.05476376668349618 0.05476376668349618 0.05476376668349618 
0.6033937326790938 0.19236635698471213 0.08061618408057125 0.08061618408057125 0.043007542175051594 
0.012701394459643953 0.38942718822917 0.230057837563537 0.230057837563537 0.13775574218411218 
0.46287189623337455 0.13428202594165645 0.13428202594165645 0.13428202594165645 0.13428202594165645 
0.9892729903563293 0.007447687355832201 0.0014747998880824962 0.0014747998880824962 3.297225116734426E-4 
0.26184430166078543 0.2137276688970563 0.17480934314738608 0.17480934314738608 0.17480934314738608 
0.7199839433185762 0.07000401417035593 0.07000401417035593 0.07000401417035593 0.07000401417035593 
0.2 0.2 0.2 0.2 0.2 
0.2 0.2 0.2 0.2 0.2 
0.2 0.2 0.2 0.2 0.2 
0.27244750230518255 0.18188812442370433 0.18188812442370433 0.18188812442370433 0.18188812442370433 
0.23410279603810327 0.19147430099047413 0.19147430099047413 0.19147430099047413 0.19147430099047413 
0.1670766650442691 0.311146704808936 0.20511745833449244 0.20511745833449244 0.11154171347780982 
0.155660661918315 0.3582146264073312 0.19110220644450604 0.19110220644450604 0.10392029878534173 
0.10163553039334518 0.19051236627210452 0.23595070111151667 0.23595070111151667 0.23595070111151667 
0.09264399136957231 0.39551074474094633 0.2096006362599544 0.2096006362599544 0.09264399136957231 
0.16794486262638186 0.2526015028707924 0.20575438593822215 0.20575438593822215 0.16794486262638186 
0.2 0.2 0.2 0.2 0.2 
0.15952083030103997 0.1980249104789458 0.1980249104789458 0.1980249104789458 0.24640443826212288 
0.232553433006913 0.232553433006913 0.18981930412587236 0.18981930412587236 0.1552545257344294 
0.11783352092143091 0.1772303362415252 0.21804598087222613 0.21804598087222613 0.26884418109259123 
0.2 0.2 0.2 0.2 0.2 
0.23410279603810327 0.19147430099047413 0.19147430099047413 0.19147430099047413 0.19147430099047413 
0.16666884903068296 0.31241512382329906 0.20505221306026844 0.20505221306026844 0.1108116010254812 
0.05284810412730182 0.14742030530022973 0.22561628350137347 0.22561628350137347 0.34849902356972173 
0.05687945274235078 0.13976492740972968 0.22253828733499573 0.22253828733499573 0.35827904517792797 
0.18703116464519634 0.15135575697118223 0.18703116464519634 0.18703116464519634 0.28755074909322875 
0.46287189623337455 0.13428202594165645 0.13428202594165645 0.13428202594165645 0.13428202594165645 
0.5698741772005067 0.10753145569987334 0.10753145569987334 0.10753145569987334 0.10753145569987334 
0.7654086874011684 0.0848081815584386 0.0561488541893381 0.0561488541893381 0.03748542266171653 
0.14063080521233717 0.17265028195915083 0.21241115305647673 0.21241115305647673 0.26189660671555826 
0.4247751609148488 0.1506649712753773 0.1506649712753773 0.1506649712753773 0.1232299252590187 
0.24293505077651895 0.19829319090211614 0.19829319090211614 0.19829319090211614 0.1621853765171327 
0.30392247624207297 0.30392247624207297 0.15544917289096058 0.15544917289096058 0.08125670173393265 
