0.16626595916107326 0.2556253188936059 0.2059213813921236 0.16626595916107326 0.2059213813921236 
0.28097958460855993 0.34643943458921456 0.12419366026740852 0.12419366026740852 0.12419366026740852 
0.22453136198566015 0.18364575867622646 0.18364575867622646 0.22453136198566015 0.18364575867622646 
0.04291906598571873 0.04291906598571873 0.3530206200380834 0.11972315592579048 0.4414180920646884 
0.17480934314738605 0.17480934314738605 0.2137276688970563 0.26184430166078543 0.17480934314738605 
0.09863358059911856 0.09863358059911856 0.18138029915549359 0.5227189590471505 0.09863358059911856 
0.2 0.2 0.2 0.2 0.2 
0.2 0.2 0.2 0.2 0.2 
0.07521049562259394 0.07521049562259394 0.33640539119963514 0.09253125981528422 0.42064235773989234 
0.2 0.2 0.2 0.2 0.2 
0.11406369730399138 0.11406369730399138 0.1708543069132711 0.48695460117475475 0.11406369730399138 
0.30700988074154173 0.38111388986168837 0.10771837921457053 0.07191364866818552 0.13224420151401373 
0.17480934314738605 0.17480934314738605 0.2137276688970563 0.17480934314738605 0.26184430166078543 
0.22453136198566015 0.18364575867622646 0.18364575867622646 0.22453136198566015 0.18364575867622646 
0.04291906598571873 0.04291906598571873 0.3530206200380834 0.11972315592579048 0.4414180920646884 
0.17480934314738605 0.17480934314738605 0.2137276688970563 0.26184430166078543 0.17480934314738605 
0.09863358059911856 0.09863358059911856 0.18138029915549359 0.5227189590471505 0.09863358059911856 
0.2 0.2 0.2 0.2 0.2 
0.2 0.2 0.2 0.2 0.2 
0.07521049562259394 0.07521049562259394 0.33640539119963514 0.09253125981528422 0.42064235773989234 
0.2 0.2 0.2 0.2 0.2 
0.15420048366210765 0.15420048366210765 0.18853059752140414 0.34886795149227273 0.15420048366210765 
0.19147430099047413 0.19147430099047413 0.19147430099047413 0.23410279603810322 0.19147430099047413 
0.3396635305046012 0.42164926106642664 0.07956240280965737 0.07956240280965737 0.07956240280965737 
0.14491716155955217 0.14491716155955217 0.2664925875830114 0.1771805017148727 0.2664925875830114 
0.2137276688970563 0.17480934314738605 0.17480934314738605 0.26184430166078543 0.17480934314738605 
0.2 0.2 0.2 0.2 0.2 
0.08746394251731147 0.08746394251731147 0.1608401110731918 0.5767680613748737 0.08746394251731147 
0.2 0.2 0.2 0.2 0.2 
0.2 0.2 0.2 0.2 0.2 
0.17643222088223307 0.17643222088223307 0.21571185274517785 0.21571185274517785 0.21571185274517785 
0.16157815382145393 0.1318864758251915 0.24405038362776102 0.16157815382145393 0.3009068329041395 
0.2 0.2 0.2 0.2 0.2 
0.19825833287944997 0.16182628782441608 0.19825833287944997 0.19825833287944997 0.24339871353723436 
0.34585183508412987 0.5600138371528127 0.019455442828198673 0.04516654124775522 0.029512343687103454 
2.021925461486769E-28 2.487569170435924E-28 3.951972663930497E-15 2.021925461486769E-28 0.999999999999996 
7.248308950070378E-9 8.917573978583496E-9 1.2429284067839789E-6 0.9999987319881363 8.917573978583496E-9 
0.1354334192571174 0.00524933582357832 7.399463041218092E-5 0.859152597204867 9.065308402468759E-5 
8.271121954357291E-5 0.9999172887803841 2.3721346097525592E-14 1.9280988937052067E-14 2.924771115015558E-14 
0.2930538022038255 0.4802027781807975 0.07137908313606708 0.01252563486307963 0.1428387016162301 
0.3141054491854772 0.49746197397532216 0.06796053795395432 0.03649281789094838 0.0839792209942978 
0.13776610706119266 0.1736034749263263 0.21935570022034884 0.01923546892408221 0.45003924886804997 
0.0010159764618535903 8.257976103366129E-4 0.4237808548933188 0.01158590045695599 0.5627914705775352 
0.28097958460855993 0.34643943458921456 0.12419366026740852 0.12419366026740852 0.12419366026740852 
0.006697140831938042 0.013860368451802722 0.146158886015182 3.7673890189557824E-4 0.8329068657991816 
0.17480934314738605 0.17480934314738605 0.2137276688970563 0.17480934314738605 0.26184430166078543 
0.2 0.2 0.2 0.2 0.2 
0.22453136198566015 0.18364575867622646 0.18364575867622646 0.22453136198566015 0.18364575867622646 
0.2 0.2 0.2 0.2 0.2 
0.2 0.2 0.2 0.2 0.2 
0.2 0.2 0.2 0.2 0.2 
0.2 0.2 0.2 0.2 0.2 
0.053314659335595045 0.04360642974621612 0.28755616571053494 0.053314659335595045 0.5622080858720584 
0.04146273411901745 0.04146273411901745 0.3410419069240757 0.04146273411901745 0.534569890718872 
0.12148478022276604 0.09936324455667539 0.2771747461911146 0.2771747461911146 0.22480248283832915 
0.01927016938592004 0.01927016938592004 0.3122485855694279 0.01927016938592004 0.629940906272812 
0.12085214613704867 0.12085214613704867 0.27341963951723597 0.14775782009145993 0.3371182481172066 
0.2 0.2 0.2 0.2 0.2 
0.06964631990336721 0.06964631990336721 0.3690979443331519 0.19427909312432057 0.2973303227357929 
0.14021278133384094 0.14021278133384094 0.25945786222534833 0.14021278133384094 0.3199037937731285 
0.15420048366210765 0.15420048366210765 0.18853059752140414 0.34886795149227273 0.15420048366210765 
0.2 0.2 0.2 0.2 0.2 
0.22453136198566015 0.18364575867622646 0.18364575867622646 0.22453136198566015 0.18364575867622646 
0.04922318115890481 0.040259981360473464 0.3311489487521761 0.06030482418391874 0.5190630645445271 
0.13271749204830832 0.13271749204830832 0.162596257203827 0.46341820121273963 0.10855055748681665 
0.11303363218740263 0.13999282716223369 0.26972087910919695 0.33725983437893275 0.13999282716223369 
0.20006126871730112 0.20006126871730112 0.16261215080341693 0.30481098011944624 0.13245433164253487 
0.2 0.2 0.2 0.2 0.2 
0.22453136198566015 0.18364575867622646 0.18364575867622646 0.22453136198566015 0.18364575867622646 
0.1343604514759724 0.16602996955438 0.2552624970702397 0.0481663303825922 0.3961807515168158 
0.16497393840375685 0.16497393840375685 0.20170257864348456 0.30337560614524467 0.16497393840375685 
0.28730526968021225 0.4437871433574078 0.10080476209757995 0.06729806276722024 0.10080476209757995 
0.18027400319000136 0.14744735787752716 0.22085919299300535 0.18027400319000136 0.271145442749465 
0.08060105958043144 0.16129305944452324 0.20436591913210422 0.011496337600000694 0.5422436242429405 
