0.3541060824004056 0.286561837175566 0.15387531137008975 0.1027283845269694 0.1027283845269694 
0.15968239858692226 0.3612704056523108 0.15968239858692226 0.15968239858692226 0.15968239858692226 
0.17619929143570645 0.17619929143570645 0.21586713904286245 0.21586713904286245 0.21586713904286245 
0.26184430166078543 0.17480934314738608 0.21372766889705624 0.17480934314738608 0.17480934314738608 
0.19147430099047413 0.19147430099047413 0.23410279603810327 0.19147430099047413 0.19147430099047413 
0.17480934314738605 0.17480934314738605 0.26184430166078543 0.17480934314738605 0.2137276688970563 
0.23410279603810327 0.19147430099047413 0.19147430099047413 0.19147430099047413 0.19147430099047413 
0.23410279603810327 0.19147430099047413 0.19147430099047413 0.19147430099047413 0.19147430099047413 
0.47489495655129726 0.16662302494408862 0.13600429904337102 0.11123885973062154 0.11123885973062154 
0.24293505077651895 0.1621853765171327 0.19829319090211614 0.19829319090211614 0.19829319090211614 
0.20572133881923121 0.1682609102320395 0.2520355018974585 0.1682609102320395 0.20572133881923121 
0.1594119178805977 0.44943574140873904 0.13038411357022106 0.13038411357022106 0.13038411357022106 
0.27244750230518255 0.18188812442370433 0.18188812442370433 0.18188812442370433 0.18188812442370433 
0.17619929143570645 0.17619929143570645 0.21586713904286245 0.21586713904286245 0.21586713904286245 
0.26184430166078543 0.17480934314738608 0.21372766889705624 0.17480934314738608 0.17480934314738608 
0.19147430099047413 0.19147430099047413 0.23410279603810327 0.19147430099047413 0.19147430099047413 
0.17480934314738605 0.17480934314738605 0.26184430166078543 0.17480934314738605 0.2137276688970563 
0.23410279603810327 0.19147430099047413 0.19147430099047413 0.19147430099047413 0.19147430099047413 
0.23410279603810327 0.19147430099047413 0.19147430099047413 0.19147430099047413 0.19147430099047413 
0.47489495655129726 0.16662302494408862 0.13600429904337102 0.11123885973062154 0.11123885973062154 
0.2 0.2 0.2 0.2 0.2 
0.19147430099047413 0.19147430099047413 0.23410279603810327 0.19147430099047413 0.19147430099047413 
0.17643222088223307 0.17643222088223307 0.21571185274517785 0.21571185274517785 0.21571185274517785 
0.34839336546480065 0.34839336546480065 0.10107108969013305 0.10107108969013305 0.10107108969013305 
0.2 0.2 0.2 0.2 0.2 
0.3279539243162278 0.14374112709128128 0.17610164953083027 0.17610164953083027 0.17610164953083027 
0.2 0.2 0.2 0.2 0.2 
0.17480934314738605 0.17480934314738605 0.26184430166078543 0.17480934314738605 0.2137276688970563 
0.2 0.2 0.2 0.2 0.2 
0.2 0.2 0.2 0.2 0.2 
0.2 0.2 0.2 0.2 0.2 
0.09592965465869505 0.14428530029269282 0.21886920841827623 0.2704579183151678 0.2704579183151678 
0.2 0.2 0.2 0.2 0.2 
0.16828740664933736 0.11141784771489742 0.2074933454304262 0.2564007001026696 0.2564007001026696 
0.9999999999999634 2.6030414108247583E-14 3.556133008165293E-15 3.556133008165293E-15 3.556133008165293E-15 
0.9178246459315965 0.024947406733332077 0.0203206960165768 0.016586555301917747 0.0203206960165768 
0.10024402419848359 0.04318001396131009 0.7675943024967969 0.023481047319658443 0.065500612023751 
0.0 0.0 0.0 0.1 0.0 
1.5442160029702229E-6 0.9999983617692578 3.566820093329339E-8 2.9173268994952718E-8 2.9173268994952718E-8 
0.8529405019830271 0.11524042779675517 0.009833734468863951 0.012151601282489833 0.009833734468863951 
0.6886661753472042 0.21666778371129683 0.03155534698049964 0.03155534698049964 0.03155534698049964 
0.4024803009773784 0.320240487672428 0.08561948465174207 0.106040242046709 0.08561948465174207 
0.42705233972635964 0.09394130256938998 0.22005168153903554 0.11582681991666069 0.14312785624855412 
0.27537717505274945 0.27537717505274945 0.14974854996483358 0.14974854996483358 0.14974854996483358 
0.4986902526407789 0.39467568284462395 0.035544688171532494 0.035544688171532494 0.035544688171532494 
0.2 0.2 0.2 0.2 0.2 
0.2 0.2 0.2 0.2 0.2 
0.24339871353723436 0.16182628782441608 0.19825833287944997 0.19825833287944997 0.19825833287944997 
0.2 0.2 0.2 0.2 0.2 
0.17643222088223307 0.17643222088223307 0.21571185274517785 0.21571185274517785 0.21571185274517785 
0.23410279603810327 0.19147430099047413 0.19147430099047413 0.19147430099047413 0.19147430099047413 
0.2 0.2 0.2 0.2 0.2 
0.7895953966153835 0.047279158771547335 0.047279158771547335 0.05792314292076073 0.05792314292076073 
0.24293505077651895 0.1621853765171327 0.19829319090211614 0.19829319090211614 0.19829319090211614 
0.16794486262638186 0.16794486262638186 0.2526015028707924 0.20575438593822215 0.20575438593822215 
0.3149430355956448 0.17126424110108873 0.17126424110108873 0.17126424110108873 0.17126424110108873 
0.28261544419331086 0.1536846797760521 0.18789995867687903 0.18789995867687903 0.18789995867687903 
0.2 0.2 0.2 0.2 0.2 
0.5565503349718944 0.10501733555251662 0.12839765837055572 0.10501733555251662 0.10501733555251662 
0.271934495825114 0.14695523840838146 0.1800393555734274 0.22103155461965002 0.1800393555734274 
0.15525452573442944 0.18981930412587236 0.232553433006913 0.18981930412587236 0.232553433006913 
0.2 0.2 0.2 0.2 0.2 
0.28355816871840117 0.1532367497555575 0.18773502717534724 0.18773502717534724 0.18773502717534724 
0.28355816871840117 0.1532367497555575 0.18773502717534724 0.18773502717534724 0.18773502717534724 
0.19510462069126047 0.12971743377364847 0.24003666242191515 0.19510462069126047 0.24003666242191515 
0.19132827024660806 0.2902296143263734 0.23539062916212736 0.1272066860170104 0.15584480024788064 
0.552072060066189 0.1234273122344942 0.1234273122344942 0.10053665773241137 0.10053665773241137 
0.2 0.2 0.2 0.2 0.2 
0.15525452573442938 0.18981930412587236 0.18981930412587236 0.232553433006913 0.232553433006913 
0.4478950466614961 0.23736165959137456 0.10491443124904307 0.10491443124904307 0.10491443124904307 
0.22453136198566015 0.18364575867622646 0.22453136198566015 0.18364575867622646 0.18364575867622646 
0.30279299239557855 0.37501092577554085 0.10739869394295998 0.10739869394295998 0.10739869394295998 
0.21586713904286245 0.17619929143570645 0.17619929143570645 0.21586713904286245 0.21586713904286245 
0.7966961340569608 0.15479952529353252 0.018402035555688857 0.015051152546908829 0.015051152546908829 
