0.3684736461952278 0.12641820441604554 0.06831725159674928 0.06831725159674928 0.3684736461952278 
0.18364575867622646 0.18364575867622646 0.22453136198566015 0.22453136198566015 0.18364575867622646 
0.1608129911354928 0.19661526726734233 0.24087937523083602 0.24087937523083602 0.1608129911354928 
0.33684881239151104 0.11688448889077657 0.06356112383468865 0.06356112383468865 0.41914445104833525 
0.30890670292688366 0.16693526886622678 0.13653751453534568 0.13653751453534568 0.25108299913619786 
0.47818331334564074 0.08232037943450016 0.029510697154597983 0.029510697154597983 0.3804749129106628 
0.2 0.2 0.2 0.2 0.2 
0.2 0.2 0.2 0.2 0.2 
0.287242572759333 0.15323966525221067 0.10188306180766979 0.10188306180766979 0.35575163837311635 
0.17643222088223307 0.21571185274517785 0.21571185274517785 0.21571185274517785 0.17643222088223307 
0.451634854419825 0.09934886795637517 0.0439124414398817 0.0439124414398817 0.361191394744036 
0.16678424679364126 0.16678424679364126 0.2498236298095381 0.2498236298095381 0.16678424679364126 
0.2 0.2 0.2 0.2 0.2 
0.1608129911354928 0.19661526726734233 0.24087937523083602 0.24087937523083602 0.1608129911354928 
0.33684881239151104 0.11688448889077657 0.06356112383468865 0.06356112383468865 0.41914445104833525 
0.30890670292688366 0.16693526886622678 0.13653751453534568 0.13653751453534568 0.25108299913619786 
0.47818331334564074 0.08232037943450016 0.029510697154597983 0.029510697154597983 0.3804749129106628 
0.2 0.2 0.2 0.2 0.2 
0.2 0.2 0.2 0.2 0.2 
0.287242572759333 0.15323966525221067 0.10188306180766979 0.10188306180766979 0.35575163837311635 
0.2 0.2 0.2 0.2 0.2 
0.33170155146668034 0.14413951651969384 0.09622869027347285 0.09622869027347285 0.33170155146668034 
0.2344688915609822 0.19138277710975451 0.19138277710975451 0.19138277710975451 0.19138277710975451 
0.16678424679364126 0.16678424679364126 0.2498236298095381 0.2498236298095381 0.16678424679364126 
0.17643222088223307 0.21571185274517785 0.21571185274517785 0.21571185274517785 0.17643222088223307 
0.17619929143570645 0.21586713904286245 0.21586713904286245 0.21586713904286245 0.17619929143570645 
0.2 0.2 0.2 0.2 0.2 
0.48535871358801513 0.08193600476473402 0.023770146355626545 0.023770146355626545 0.3851649889359976 
0.2 0.2 0.2 0.2 0.2 
0.2 0.2 0.2 0.2 0.2 
0.21571185274517785 0.21571185274517785 0.17643222088223307 0.17643222088223307 0.21571185274517785 
0.09936324455667539 0.22480248283832913 0.2771747461911146 0.2771747461911146 0.12148478022276604 
0.2 0.2 0.2 0.2 0.2 
0.10161103672976128 0.22988795748912974 0.28344498452567385 0.28344498452567385 0.10161103672976128 
0.2458750403523567 0.15992410139532046 0.19806695275077416 0.19806695275077416 0.19806695275077416 
0.06877267412696234 0.05589923790841553 0.04553224442272518 0.04553224442272518 0.7842635991191721 
0.999999999994817 6.852174181891577E-27 4.263057617808314E-31 4.263057617808314E-31 5.182882834999556E-12 
3.057457993990735E-17 2.5090137642723945E-9 0.49999999874549306 0.49999999874549306 1.6626283608683225E-17 
0.04753999516089577 0.025527584656827973 0.4396962125106903 0.4396962125106903 0.04753999516089577 
0.12268709738152558 0.15126952624497833 0.2873869250642588 0.2873869250642588 0.15126952624497833 
0.17098749989935144 0.1392764003581501 0.25937429992157346 0.25937429992157346 0.17098749989935144 
0.10206550872196797 0.15482517661514814 0.29414206902386775 0.29414206902386775 0.15482517661514814 
0.35184845936229486 0.04172105296048958 0.011315748535845847 0.011315748535845847 0.5837989906055234 
0.18364575867622646 0.18364575867622646 0.22453136198566015 0.22453136198566015 0.18364575867622646 
0.13117509041905437 0.13117509041905437 0.24588327305396374 0.24588327305396374 0.24588327305396374 
0.2 0.2 0.2 0.2 0.2 
0.2 0.2 0.2 0.2 0.2 
0.1608129911354928 0.19661526726734233 0.24087937523083602 0.24087937523083602 0.1608129911354928 
0.2 0.2 0.2 0.2 0.2 
0.17643222088223307 0.21571185274517785 0.21571185274517785 0.21571185274517785 0.17643222088223307 
0.2 0.2 0.2 0.2 0.2 
0.2 0.2 0.2 0.2 0.2 
0.16976395521768495 0.2075590111955787 0.2075590111955787 0.2075590111955787 0.2075590111955787 
0.16976395521768495 0.2075590111955787 0.2075590111955787 0.2075590111955787 0.2075590111955787 
0.30943704719823745 0.1639859418171641 0.10856998189318047 0.10856998189318047 0.30943704719823745 
0.18188812442370433 0.18188812442370433 0.18188812442370433 0.18188812442370433 0.27244750230518255 
0.19138277710975451 0.19138277710975451 0.19138277710975451 0.19138277710975451 0.2344688915609822 
0.2 0.2 0.2 0.2 0.2 
0.3872735286714372 0.1079968214930953 0.05872806058201509 0.05872806058201509 0.3872735286714372 
0.14889176582436528 0.22302275006234462 0.22302275006234462 0.22302275006234462 0.1820399839886009 
0.2987862902367926 0.1969690936505227 0.13095704894400648 0.13095704894400648 0.2423305182246715 
0.2 0.2 0.2 0.2 0.2 
0.1608129911354928 0.19661526726734233 0.24087937523083602 0.24087937523083602 0.1608129911354928 
0.16947652256558415 0.20763086935860398 0.20763086935860398 0.20763086935860398 0.20763086935860398 
0.3467275389250693 0.18124211077750413 0.09668998616169218 0.09668998616169218 0.27865037797404213 
0.5033443147989353 0.0642200247037675 0.01815120665562735 0.01815120665562735 0.3961332471860426 
0.3574304765298142 0.15258908411137084 0.10102447755881071 0.10102447755881071 0.2879314842411935 
0.2 0.2 0.2 0.2 0.2 
0.17643222088223307 0.21571185274517785 0.21571185274517785 0.21571185274517785 0.17643222088223307 
0.17643222088223307 0.17643222088223307 0.21571185274517785 0.21571185274517785 0.21571185274517785 
0.3073195009072185 0.16502156867184872 0.1101697147568572 0.1101697147568572 0.3073195009072185 
0.14491716155955217 0.17718050171487273 0.2664925875830114 0.2664925875830114 0.14491716155955217 
0.17643222088223307 0.21571185274517785 0.21571185274517785 0.21571185274517785 0.17643222088223307 
0.22800540656538618 0.12243222361747276 0.15030816254323856 0.15030816254323856 0.3489460447306638 
