0.1710311593612351 0.09124259456543792 0.26295156791598195 0.26295156791598195 0.2118231102413628 
0.1539964745595897 0.23066901696027353 0.23066901696027353 0.23066901696027353 0.1539964745595897 
0.5316882491638755 0.12266190834155133 0.12266190834155133 0.12266190834155133 0.10032602581147039 
0.13572232359636552 0.04865454236587381 0.20771335519636205 0.20771335519636205 0.40019642364503644 
0.1328928032303776 0.1328928032303776 0.3006607951544335 0.3006607951544335 0.1328928032303776 
0.18364575867622646 0.18364575867622646 0.22453136198566015 0.22453136198566015 0.18364575867622646 
0.18364575867622646 0.18364575867622646 0.22453136198566015 0.22453136198566015 0.18364575867622646 
0.18364575867622646 0.18364575867622646 0.22453136198566015 0.22453136198566015 0.18364575867622646 
0.028584142922539628 0.015447063915651671 0.4130133732915129 0.4130133732915129 0.12994204657878283 
0.17643222088223307 0.21571185274517785 0.21571185274517785 0.21571185274517785 0.17643222088223307 
0.14974854996483358 0.14974854996483358 0.27537717505274945 0.27537717505274945 0.14974854996483358 
0.02696484955977057 0.04958648413781465 0.43693109108230005 0.43693109108230005 0.04958648413781465 
0.2436604858527143 0.10769852778713863 0.2436604858527143 0.2436604858527143 0.16132001465471868 
0.5316882491638755 0.12266190834155133 0.12266190834155133 0.12266190834155133 0.10032602581147039 
0.13572232359636552 0.04865454236587381 0.20771335519636205 0.20771335519636205 0.40019642364503644 
0.1328928032303776 0.1328928032303776 0.3006607951544335 0.3006607951544335 0.1328928032303776 
0.18364575867622646 0.18364575867622646 0.22453136198566015 0.22453136198566015 0.18364575867622646 
0.18364575867622646 0.18364575867622646 0.22453136198566015 0.22453136198566015 0.18364575867622646 
0.18364575867622646 0.18364575867622646 0.22453136198566015 0.22453136198566015 0.18364575867622646 
0.028584142922539628 0.015447063915651671 0.4130133732915129 0.4130133732915129 0.12994204657878283 
0.16678424679364126 0.16678424679364126 0.2498236298095381 0.2498236298095381 0.16678424679364126 
0.2 0.2 0.2 0.2 0.2 
0.17643222088223307 0.21571185274517785 0.21571185274517785 0.21571185274517785 0.17643222088223307 
0.11159901297714926 0.1678531748817946 0.3146351025990211 0.3146351025990211 0.0912776069430139 
0.1536846797760521 0.18789995867687906 0.18789995867687906 0.18789995867687906 0.28261544419331086 
0.2075590111955787 0.2075590111955787 0.2075590111955787 0.2075590111955787 0.16976395521768498 
0.2 0.2 0.2 0.2 0.2 
0.18364575867622646 0.18364575867622646 0.22453136198566015 0.22453136198566015 0.18364575867622646 
0.18364575867622646 0.18364575867622646 0.22453136198566015 0.22453136198566015 0.18364575867622646 
0.16678424679364126 0.16678424679364126 0.2498236298095381 0.2498236298095381 0.16678424679364126 
0.14491716155955217 0.14491716155955217 0.2664925875830114 0.2664925875830114 0.1771805017148727 
0.27117591843956873 0.2199371356477985 0.11885551373653183 0.11885551373653183 0.27117591843956873 
0.2 0.2 0.2 0.2 0.2 
1.0 2.750587898883482E-21 4.190763153402197E-21 4.190763153402197E-21 2.2357101755828936E-21 
0.024605170655591715 0.012489965683175541 0.478835307432001 0.478835307432001 0.005234248797230792 
1.7537407823581718E-26 1.4284945008957274E-26 9.808440317392781E-26 9.808440317392781E-26 1.0 
0.12859247910269742 0.15754257772629807 0.23795498105700158 0.23795498105700158 0.23795498105700158 
1.468998211702417E-9 0.9999999959643147 9.641701419727894E-10 9.641701419727894E-10 6.38347005212458E-10 
1.5583771150751457E-6 0.004229756484876976 0.4978828914869391 0.4978828914869391 2.902164129723388E-6 
1.6532732913818017E-12 2.591441417488771E-12 0.49999999999528477 0.49999999999528477 5.185806697502717E-12 
0.030022242643180444 0.05665116174490505 0.4337925311050254 0.4337925311050254 0.045741533401863675 
0.019669811249303563 0.07151129857471096 0.22430881393233026 0.22430881393233026 0.46020126231132474 
0.0019125341304790397 0.002901160619700932 0.00685829296802527 0.00685829296802527 0.9814697193137695 
0.09622869027347285 0.1441395165196938 0.33170155146668034 0.33170155146668034 0.09622869027347285 
1.8216673220550916E-4 8.148047729756474E-4 0.29813138600906725 0.29813138600906725 0.40274025647668465 
0.17643222088223307 0.17643222088223307 0.21571185274517785 0.21571185274517785 0.21571185274517785 
0.06177146407673937 0.06177146407673937 0.4073428038848911 0.4073428038848911 0.06177146407673937 
0.19147430099047413 0.23410279603810327 0.19147430099047413 0.19147430099047413 0.19147430099047413 
0.2 0.2 0.2 0.2 0.2 
0.19147430099047413 0.23410279603810327 0.19147430099047413 0.19147430099047413 0.19147430099047413 
0.18364575867622646 0.18364575867622646 0.22453136198566015 0.22453136198566015 0.18364575867622646 
0.18364575867622646 0.18364575867622646 0.22453136198566015 0.22453136198566015 0.18364575867622646 
0.06875170492757818 0.06875170492757818 0.06875170492757818 0.06875170492757818 0.7249931802896871 
0.0552145058649291 0.06750707608268137 0.08270498286557927 0.08270498286557927 0.7118684523212312 
0.13367493401903027 0.16343538350674464 0.20022968519625128 0.20022968519625128 0.3024303120817228 
0.027255418825971274 0.027255418825971274 0.027255418825971274 0.027255418825971274 0.890978324696115 
0.1340948351878152 0.16394876852584983 0.16394876852584983 0.16394876852584983 0.374058859234635 
0.27244750230518255 0.18188812442370433 0.18188812442370433 0.18188812442370433 0.18188812442370433 
0.571219550615259 0.035252353431262096 0.12151532243419541 0.12151532243419541 0.1504974510850877 
0.12932159074624627 0.1937088773914259 0.15811284242942708 0.15811284242942708 0.3607438470034735 
0.17643222088223307 0.21571185274517785 0.21571185274517785 0.21571185274517785 0.17643222088223307 
0.2 0.2 0.2 0.2 0.2 
0.17643222088223307 0.21571185274517785 0.21571185274517785 0.21571185274517785 0.17643222088223307 
0.06075097504960094 0.09099797728581781 0.11171682059551062 0.11171682059551062 0.6248174064735598 
0.18188812442370433 0.27244750230518255 0.18188812442370433 0.18188812442370433 0.18188812442370433 
0.10291864241752305 0.10291864241752305 0.299979007044291 0.299979007044291 0.19420470107637178 
0.10674777945189327 0.16055656062344129 0.3009578458094537 0.3009578458094537 0.13077996830575803 
0.11656343528070397 0.11656343528070397 0.3251548470789442 0.3251548470789442 0.11656343528070397 
0.09884686150145375 0.12085343326691476 0.3407264218650889 0.3407264218650889 0.09884686150145375 
0.0913366170512197 0.03934315717056147 0.34667205969633463 0.34667205969633463 0.17597610638554922 
0.18364575867622646 0.18364575867622646 0.22453136198566015 0.22453136198566015 0.18364575867622646 
0.08819850539191916 0.16320762945264453 0.3079683927684368 0.3079683927684368 0.13265707961856252 
0.1416965754677335 0.1732429069302145 0.2122451819968885 0.2122451819968885 0.2605701536082752 
0.0487055566829853 0.031679475778927366 0.14891896392708348 0.14891896392708348 0.6217770396839205 
