0.1292786816494929 0.30561254252916664 0.15975039784779288 0.15975039784779288 0.24560798012575483 
0.27244750230518255 0.18188812442370433 0.18188812442370433 0.18188812442370433 0.18188812442370433 
0.27244750230518255 0.18188812442370433 0.18188812442370433 0.18188812442370433 0.18188812442370433 
0.07899593458818925 0.23025101635295264 0.23025101635295264 0.23025101635295264 0.23025101635295264 
0.21915883938712738 0.2690579447148641 0.1463121882554405 0.1463121882554405 0.21915883938712738 
0.09467588847594673 0.5295097262685458 0.05148421256478344 0.05148421256478344 0.2728459601259405 
0.23410279603810327 0.19147430099047413 0.19147430099047413 0.19147430099047413 0.19147430099047413 
0.23410279603810327 0.19147430099047413 0.19147430099047413 0.19147430099047413 0.19147430099047413 
0.6056143922428819 0.07726832326760454 0.11992448061095451 0.11992448061095451 0.07726832326760454 
0.18364575867622646 0.18364575867622646 0.22453136198566015 0.22453136198566015 0.18364575867622646 
0.10429949387930243 0.4591724981952046 0.06963117356384406 0.06963117356384406 0.29726566079780503 
0.33892160450402836 0.14854822526843564 0.1819909724795501 0.1819909724795501 0.14854822526843564 
0.3024303120817228 0.13367493401903027 0.20022968519625123 0.20022968519625123 0.16343538350674464 
0.27244750230518255 0.18188812442370433 0.18188812442370433 0.18188812442370433 0.18188812442370433 
0.07899593458818925 0.23025101635295264 0.23025101635295264 0.23025101635295264 0.23025101635295264 
0.21915883938712738 0.2690579447148641 0.1463121882554405 0.1463121882554405 0.21915883938712738 
0.09467588847594673 0.5295097262685458 0.05148421256478344 0.05148421256478344 0.2728459601259405 
0.23410279603810327 0.19147430099047413 0.19147430099047413 0.19147430099047413 0.19147430099047413 
0.23410279603810327 0.19147430099047413 0.19147430099047413 0.19147430099047413 0.19147430099047413 
0.6056143922428819 0.07726832326760454 0.11992448061095451 0.11992448061095451 0.07726832326760454 
0.3149430355956448 0.17126424110108873 0.17126424110108873 0.17126424110108873 0.17126424110108873 
0.12419366026740852 0.34643943458921456 0.12419366026740852 0.12419366026740852 0.28097958460855993 
0.2520355018974585 0.20572133881923121 0.16826091023203954 0.16826091023203954 0.20572133881923121 
0.23066901696027353 0.1539964745595897 0.23066901696027353 0.23066901696027353 0.1539964745595897 
0.16644063976223641 0.16644063976223641 0.2503390403566456 0.2503390403566456 0.16644063976223641 
0.2344688915609822 0.19138277710975451 0.19138277710975451 0.19138277710975451 0.19138277710975451 
0.2 0.2 0.2 0.2 0.2 
0.06082182126786576 0.5116384560426023 0.04974658957228621 0.04974658957228621 0.3280465435449595 
0.5162741233662188 0.12093146915844531 0.12093146915844531 0.12093146915844531 0.12093146915844531 
0.27244750230518255 0.18188812442370433 0.18188812442370433 0.18188812442370433 0.18188812442370433 
0.2 0.2 0.2 0.2 0.2 
0.12128003809683939 0.1482809749152202 0.27438771554350416 0.27438771554350416 0.1816635559009322 
0.2 0.2 0.2 0.2 0.2 
0.3129836756319094 0.13717971629795953 0.20632844588608576 0.20632844588608576 0.13717971629795953 
0.22747989988067882 0.007029554174578804 0.3799009248251475 0.3799009248251475 0.005688696294447409 
2.3259253592389264E-13 1.1122395968954086E-11 0.49999999931924544 0.49999999931924544 1.3501542485072668E-9 
5.1161819808736307E-14 0.9999879677680544 7.76083702224774E-14 7.76083702224774E-14 1.2032231738990071E-5 
0.3024303120817228 0.13367493401903027 0.20022968519625123 0.20022968519625123 0.16343538350674464 
0.8427991796448216 0.027105145210421146 0.05149526496716811 0.05149526496716811 0.027105145210421146 
0.9998081655952925 7.201558287221728E-6 8.678041138012343E-5 8.678041138012343E-5 1.1072023660107946E-5 
0.9999999965516371 4.313642115859181E-10 1.2431463212941548E-9 1.2431463212941548E-9 5.307061681598743E-10 
0.17984652562102285 0.03036085552326806 0.36585519787247933 0.36585519787247933 0.05808222311075046 
0.0049465979164410616 0.13973974718541185 0.3093855757355977 0.3093855757355977 0.2365425034269514 
0.4367576264957556 0.12670611330818268 0.15491507344393937 0.15491507344393937 0.12670611330818268 
0.03301380131498191 0.0031307261754357466 0.47701767666172395 0.47701767666172395 0.00982011918613422 
0.2075590111955787 0.16976395521768495 0.2075590111955787 0.2075590111955787 0.2075590111955787 
0.41085584857976054 0.14728603785505995 0.14728603785505995 0.14728603785505995 0.14728603785505995 
0.2520355018974585 0.16826091023203954 0.20572133881923121 0.20572133881923121 0.16826091023203954 
0.2 0.2 0.2 0.2 0.2 
0.2 0.2 0.2 0.2 0.2 
0.23410279603810327 0.19147430099047413 0.19147430099047413 0.19147430099047413 0.19147430099047413 
0.2 0.2 0.2 0.2 0.2 
0.03887199717877454 0.04772255455053011 0.4205070835642564 0.4205070835642564 0.07239128114218261 
0.06634605422385524 0.08145203286954397 0.36432286151898446 0.36432286151898446 0.12355618986863173 
0.5308554299593796 0.17578051636707218 0.07571728301557253 0.07571728301557253 0.1419294876424031 
0.02556439781676487 0.057837685626273304 0.4142385517924648 0.4142385517924648 0.08812081297203217 
0.12059346289443722 0.14774273840818877 0.27514115273354506 0.27514115273354506 0.1813814932302838 
0.2 0.2 0.2 0.2 0.2 
0.08766650672911158 0.2526456586194979 0.2035210880159462 0.2035210880159462 0.2526456586194979 
0.1813814932302838 0.12059346289443722 0.275141152733545 0.275141152733545 0.14774273840818877 
0.16693526886622678 0.30890670292688366 0.13653751453534568 0.13653751453534568 0.25108299913619786 
0.2 0.2 0.2 0.2 0.2 
0.18364575867622646 0.18364575867622646 0.22453136198566015 0.22453136198566015 0.18364575867622646 
0.05380099358948863 0.09955647872851432 0.36194618164695036 0.36194618164695036 0.12275016438809598 
0.13614900201080832 0.38804045488984035 0.11113019698296764 0.11113019698296764 0.25355014913341595 
0.04989957419335753 0.46151989928604076 0.06166118595977799 0.06166118595977799 0.3652581546010459 
0.8310454195980346 0.054118373529033266 0.035520342688745744 0.035520342688745744 0.043795521495440824 
0.3149430355956448 0.17126424110108873 0.17126424110108873 0.17126424110108873 0.17126424110108873 
0.41085584857976054 0.14728603785505995 0.14728603785505995 0.14728603785505995 0.14728603785505995 
0.2012024032513059 0.07059446008694682 0.3107880334910962 0.3107880334910962 0.1066270696795549 
0.16693526886622678 0.30890670292688366 0.13653751453534568 0.13653751453534568 0.25108299913619786 
0.20246124793788436 0.1351647430948161 0.24855856787208955 0.24855856787208955 0.16525687322312063 
0.21586713904286245 0.17619929143570645 0.21586713904286245 0.21586713904286245 0.17619929143570645 
0.1449531543217972 0.03704915765209446 0.3801069471286131 0.3801069471286131 0.057783793768882055 
