0.2639978884003765 0.21266598355476535 0.13895842860307686 0.17171171588701553 0.21266598355476535 
0.1328928032303776 0.3006607951544335 0.1328928032303776 0.1328928032303776 0.3006607951544335 
0.16976395521768495 0.2075590111955787 0.2075590111955787 0.2075590111955787 0.2075590111955787 
0.32031884434742214 0.0750311253128434 0.2093000606794689 0.32031884434742214 0.0750311253128434 
0.2901978891013846 0.1578079704226164 0.236378199630766 0.1578079704226164 0.1578079704226164 
0.6083685334325598 0.047186763014597725 0.2500711775236473 0.047186763014597725 0.047186763014597725 
0.2 0.2 0.2 0.2 0.2 
0.2 0.2 0.2 0.2 0.2 
0.2156855798306692 0.11506506760288987 0.14156422687936326 0.41262005808418745 0.11506506760288987 
0.18364575867622646 0.18364575867622646 0.22453136198566015 0.22453136198566015 0.18364575867622646 
0.497161730172251 0.07539204734384625 0.2598773713030263 0.09217680383703034 0.07539204734384625 
0.08308285602475572 0.35469286000935885 0.08308285602475572 0.12444856793177093 0.35469286000935885 
0.18188812442370433 0.18188812442370433 0.18188812442370433 0.27244750230518255 0.18188812442370433 
0.16976395521768495 0.2075590111955787 0.2075590111955787 0.2075590111955787 0.2075590111955787 
0.32031884434742214 0.0750311253128434 0.2093000606794689 0.32031884434742214 0.0750311253128434 
0.2901978891013846 0.1578079704226164 0.236378199630766 0.1578079704226164 0.1578079704226164 
0.6083685334325598 0.047186763014597725 0.2500711775236473 0.047186763014597725 0.047186763014597725 
0.2 0.2 0.2 0.2 0.2 
0.2 0.2 0.2 0.2 0.2 
0.2156855798306692 0.11506506760288987 0.14156422687936326 0.41262005808418745 0.11506506760288987 
0.2 0.2 0.2 0.2 0.2 
0.3656723659599173 0.13108839541045503 0.24106244780871766 0.13108839541045503 0.13108839541045503 
0.26184430166078543 0.17480934314738608 0.21372766889705624 0.17480934314738608 0.17480934314738608 
0.08079356788790781 0.34491955423371085 0.08079356788790781 0.14857375575676265 0.34491955423371085 
0.17480934314738605 0.17480934314738605 0.2137276688970563 0.26184430166078543 0.17480934314738605 
0.18347744683615302 0.18347744683615302 0.22478382974577063 0.22478382974577063 0.18347744683615302 
0.2 0.2 0.2 0.2 0.2 
0.6083685334325598 0.047186763014597725 0.2500711775236473 0.047186763014597725 0.047186763014597725 
0.2 0.2 0.2 0.2 0.2 
0.2 0.2 0.2 0.2 0.2 
0.21571185274517785 0.17643222088223307 0.21571185274517785 0.21571185274517785 0.17643222088223307 
0.15483689159782227 0.189695409868932 0.2328861443321571 0.2328861443321571 0.189695409868932 
0.2 0.2 0.2 0.2 0.2 
0.15483689159782227 0.189695409868932 0.2328861443321571 0.2328861443321571 0.189695409868932 
2.1643392972112645E-4 0.0016572903237801388 1.747540477671828E-4 0.9962942313749515 0.0016572903237801388 
8.91758501275163E-9 7.248317918771937E-9 7.248317918771937E-9 0.999999969337461 7.248317918771937E-9 
0.9999999995504563 6.114916000574957E-17 4.4954342615578663E-10 1.1462203348731369E-16 6.114916000574957E-17 
2.3323707186805514E-4 0.008531180297662231 0.9826877781077585 1.662422504889641E-5 0.008531180297662231 
2.0021900623387664E-11 0.4999999999363428 1.6274036171099123E-11 9.10185325636781E-11 0.4999999999363428 
0.010903821351179264 0.32606411909921384 0.010903821351179264 0.32606411909921384 0.32606411909921384 
0.034332727553160726 0.37140245374552017 0.034332727553160726 0.1885296374026381 0.37140245374552017 
0.026574612675638466 0.23416208495817656 0.032694670732117244 0.47240654667589105 0.23416208495817656 
0.23865871242366812 0.010200693068068199 0.09206304095121111 0.6488768604889847 0.010200693068068199 
0.12907397900620568 0.29202096891941826 0.12907397900620568 0.157810104148752 0.29202096891941826 
0.0036837769572894536 0.08320820718993854 0.0036837769572894536 0.8262160317055445 0.08320820718993854 
0.19147430099047413 0.19147430099047413 0.19147430099047413 0.23410279603810322 0.19147430099047413 
0.2 0.2 0.2 0.2 0.2 
0.16976395521768495 0.2075590111955787 0.2075590111955787 0.2075590111955787 0.2075590111955787 
0.2 0.2 0.2 0.2 0.2 
0.2 0.2 0.2 0.2 0.2 
0.19147430099047413 0.19147430099047413 0.19147430099047413 0.23410279603810322 0.19147430099047413 
0.2 0.2 0.2 0.2 0.2 
0.048956345912953905 0.048956345912953905 0.05985564330432642 0.7932753189568119 0.048956345912953905 
0.10753145569987334 0.10753145569987334 0.10753145569987334 0.5698741772005068 0.10753145569987334 
0.3880404548898403 0.11113019698296764 0.2535501491334159 0.13614900201080832 0.11113019698296764 
0.08179782898668078 0.08179782898668078 0.08179782898668078 0.6728086840532765 0.08179782898668078 
0.18227313987597063 0.1490824656421867 0.18227313987597063 0.3372887889636851 0.1490824656421867 
0.2 0.2 0.2 0.2 0.2 
0.2973303227357929 0.06964631990336721 0.19427909312432057 0.36909794433315196 0.06964631990336721 
0.1340948351878152 0.16394876852584983 0.16394876852584983 0.37405885923463505 0.16394876852584983 
0.3656723659599173 0.13108839541045503 0.24106244780871766 0.13108839541045503 0.13108839541045503 
0.2 0.2 0.2 0.2 0.2 
0.16218537651713266 0.19829319090211614 0.19829319090211614 0.24293505077651895 0.19829319090211614 
0.11682633608070078 0.11682633608070078 0.14312751617280495 0.5063934755850928 0.11682633608070078 
0.4268877042224407 0.09848414090364659 0.2776598730666193 0.09848414090364659 0.09848414090364659 
0.5902711526018914 0.07886294689260993 0.18818278200377328 0.06382017160911531 0.07886294689260993 
0.28403162860941195 0.15052235840894082 0.1855895716155881 0.22933408295711805 0.15052235840894082 
0.2 0.2 0.2 0.2 0.2 
0.17643222088223307 0.21571185274517785 0.21571185274517785 0.17643222088223307 0.21571185274517785 
0.07764804658040705 0.21659998824700497 0.07764804658040705 0.4115039303451759 0.21659998824700497 
0.35530299007479227 0.12737112013147503 0.23422663694137164 0.155728132720886 0.12737112013147503 
0.06629421343688596 0.35133310610938445 0.08105349201663314 0.14998608232771196 0.35133310610938445 
0.16218537651713266 0.19829319090211614 0.19829319090211614 0.24293505077651895 0.19829319090211614 
0.026645210374314332 0.1547769224231909 0.017565340542890533 0.6462356042364135 0.1547769224231909 
