0.27399602392571937 0.27399602392571937 0.11590442086302591 0.11590442086302591 0.22019911042250978 
0.3073195009072185 0.3073195009072185 0.1101697147568572 0.1101697147568572 0.16502156867184872 
0.09884686150145375 0.09884686150145375 0.34072642186508884 0.34072642186508884 0.12085343326691476 
0.14800293625189564 0.14800293625189564 0.18170093413096924 0.18170093413096924 0.3405922592342703 
0.18227313987597063 0.18227313987597063 0.1490824656421867 0.1490824656421867 0.3372887889636851 
0.19147430099047413 0.19147430099047413 0.19147430099047413 0.19147430099047413 0.23410279603810327 
0.17643222088223307 0.17643222088223307 0.21571185274517785 0.21571185274517785 0.21571185274517785 
0.17643222088223307 0.17643222088223307 0.21571185274517785 0.21571185274517785 0.21571185274517785 
0.09120691682053439 0.09120691682053439 0.05959566089162172 0.05959566089162172 0.6983948445756881 
0.17643222088223307 0.17643222088223307 0.21571185274517785 0.21571185274517785 0.21571185274517785 
0.18168360351104154 0.18168360351104154 0.18168360351104154 0.18168360351104154 0.27326558595583417 
0.265255657782219 0.265255657782219 0.025790798528873882 0.025790798528873882 0.41790708737781457 
0.14580222249443783 0.14580222249443783 0.21929733335118515 0.21929733335118515 0.26980088830875404 
0.09884686150145375 0.09884686150145375 0.34072642186508884 0.34072642186508884 0.12085343326691476 
0.14800293625189564 0.14800293625189564 0.18170093413096924 0.18170093413096924 0.3405922592342703 
0.18227313987597063 0.18227313987597063 0.1490824656421867 0.1490824656421867 0.3372887889636851 
0.19147430099047413 0.19147430099047413 0.19147430099047413 0.19147430099047413 0.23410279603810327 
0.17643222088223307 0.17643222088223307 0.21571185274517785 0.21571185274517785 0.21571185274517785 
0.17643222088223307 0.17643222088223307 0.21571185274517785 0.21571185274517785 0.21571185274517785 
0.09120691682053439 0.09120691682053439 0.05959566089162172 0.05959566089162172 0.6983948445756881 
0.18188812442370433 0.18188812442370433 0.18188812442370433 0.18188812442370433 0.27244750230518255 
0.2 0.2 0.2 0.2 0.2 
0.19147430099047413 0.19147430099047413 0.19147430099047413 0.19147430099047413 0.23410279603810327 
0.3120004856715707 0.3120004856715707 0.08700584538381538 0.08700584538381538 0.20198733788922774 
0.19147430099047413 0.19147430099047413 0.19147430099047413 0.19147430099047413 0.23410279603810327 
0.14491716155955217 0.14491716155955217 0.2664925875830114 0.2664925875830114 0.1771805017148727 
0.2 0.2 0.2 0.2 0.2 
0.19147430099047413 0.19147430099047413 0.19147430099047413 0.19147430099047413 0.23410279603810327 
0.19147430099047413 0.19147430099047413 0.19147430099047413 0.19147430099047413 0.23410279603810327 
0.17480934314738605 0.2137276688970563 0.17480934314738605 0.17480934314738605 0.26184430166078543 
0.20572133881923121 0.20572133881923121 0.1682609102320395 0.1682609102320395 0.2520355018974585 
0.14491716155955217 0.14491716155955217 0.2664925875830114 0.2664925875830114 0.1771805017148727 
0.2 0.2 0.2 0.2 0.2 
2.855191013853044E-8 3.4979818054844187E-8 0.499999935662696 0.499999935662696 6.514287988509394E-8 
3.194267940414286E-4 3.194267940414286E-4 0.49933062148549395 0.49933062148549395 6.999034409291437E-4 
0.1708582797379152 0.1708582797379152 0.07424574810070951 0.07424574810070951 0.5097919443227504 
0.2421594200382119 0.2421594200382119 0.15963892267634336 0.15963892267634336 0.1964033145708892 
0.11885551373653183 0.11885551373653183 0.27117591843956873 0.27117591843956873 0.2199371356477985 
0.9561866092547311 0.043813390744693204 2.4173510961505148E-18 2.4173510961505148E-18 5.757659500753333E-13 
3.189155998439442E-8 6.017851312595607E-8 1.3857647881041844E-10 1.3857647881041844E-10 0.999999907652774 
0.32211126223601994 0.32211126223601994 0.05113754925028852 0.05113754925028852 0.2535023770273831 
0.3278229892376724 0.3278229892376724 0.042812063037814936 0.042812063037814936 0.2587298954490254 
0.13134338978373042 0.1619424762019534 0.1619424762019534 0.1619424762019534 0.38282918161040935 
0.2695863283910818 0.2695863283910818 0.09562050741337706 0.09562050741337706 0.2695863283910818 
0.10966826330041811 0.10966826330041811 0.0011988067011038453 0.0011988067011038453 0.7782658599969562 
0.19147430099047413 0.19147430099047413 0.19147430099047413 0.19147430099047413 0.23410279603810327 
0.14549106959597308 0.14549106959597308 0.09713099788144679 0.09713099788144679 0.5147558650451606 
0.18364575867622646 0.18364575867622646 0.22453136198566015 0.22453136198566015 0.18364575867622646 
0.2 0.2 0.2 0.2 0.2 
0.2 0.2 0.2 0.2 0.2 
0.17643222088223307 0.17643222088223307 0.21571185274517785 0.21571185274517785 0.21571185274517785 
0.19147430099047413 0.19147430099047413 0.19147430099047413 0.19147430099047413 0.23410279603810327 
0.08502732271720063 0.08502732271720063 0.36299407262211153 0.36299407262211153 0.1039572093213756 
0.17480934314738605 0.2137276688970563 0.17480934314738605 0.17480934314738605 0.26184430166078543 
0.20572133881923121 0.20572133881923121 0.1682609102320395 0.1682609102320395 0.2520355018974585 
0.2 0.2 0.2 0.2 0.2 
0.17643222088223307 0.17643222088223307 0.21571185274517785 0.21571185274517785 0.21571185274517785 
0.18364575867622646 0.18364575867622646 0.22453136198566015 0.22453136198566015 0.18364575867622646 
0.04572757943350243 0.0560222556358423 0.38466437953056737 0.38466437953056737 0.1289214058695204 
0.1608129911354928 0.1608129911354928 0.24087937523083602 0.24087937523083602 0.1966152672673423 
0.19147430099047413 0.19147430099047413 0.19147430099047413 0.19147430099047413 0.23410279603810327 
0.2 0.2 0.2 0.2 0.2 
0.1608129911354928 0.1608129911354928 0.24087937523083602 0.24087937523083602 0.1966152672673423 
0.19138277710975451 0.19138277710975451 0.19138277710975451 0.19138277710975451 0.2344688915609822 
0.18364575867622646 0.18364575867622646 0.22453136198566015 0.22453136198566015 0.18364575867622646 
0.28107818929433914 0.28107818929433914 0.07838271605849115 0.07838271605849115 0.28107818929433914 
0.19099622211345246 0.19099622211345246 0.19099622211345246 0.19099622211345246 0.23601511154619004 
0.16899390118640314 0.16899390118640314 0.13822128419198015 0.13822128419198015 0.3855696292432333 
0.14969431658593582 0.1833950839931366 0.12243602005451322 0.12243602005451322 0.4220385593119011 
0.19047934530479937 0.19047934530479937 0.12331524355862615 0.12331524355862615 0.37241082227314876 
0.17643222088223307 0.17643222088223307 0.21571185274517785 0.21571185274517785 0.21571185274517785 
0.3612860525148739 0.28965000362694443 0.08077309039036477 0.08077309039036477 0.1875177630774521 
0.17643222088223307 0.17643222088223307 0.21571185274517785 0.21571185274517785 0.21571185274517785 
0.3321286213405631 0.3321286213405631 0.10308956504638503 0.10308956504638503 0.1295636272261034 
