0.10417105140008258 0.10417105140008258 0.2440142344347991 0.2440142344347991 0.30362942833023676 
0.18188812442370433 0.27244750230518255 0.18188812442370433 0.18188812442370433 0.18188812442370433 
0.22453136198566015 0.22453136198566015 0.18364575867622646 0.18364575867622646 0.18364575867622646 
0.102324390583059 0.05564342474249449 0.23754991591466446 0.23754991591466446 0.3669323528451177 
0.15797466456898537 0.12920857411556824 0.23760558710514884 0.23760558710514884 0.23760558710514884 
0.06568521640045959 0.02354722538992346 0.3035891860698723 0.3035891860698723 0.3035891860698723 
0.2 0.2 0.2 0.2 0.2 
0.2 0.2 0.2 0.2 0.2 
0.1268228988954454 0.10330250370079966 0.23772523715428168 0.23772523715428168 0.2944241230951912 
0.22453136198566015 0.22453136198566015 0.18364575867622646 0.18364575867622646 0.18364575867622646 
0.0809797796626758 0.03579325970592086 0.2944089868771344 0.2944089868771344 0.2944089868771344 
0.15968239858692226 0.3612704056523108 0.15968239858692226 0.15968239858692226 0.15968239858692226 
0.2 0.2 0.2 0.2 0.2 
0.22453136198566015 0.22453136198566015 0.18364575867622646 0.18364575867622646 0.18364575867622646 
0.102324390583059 0.05564342474249449 0.23754991591466446 0.23754991591466446 0.3669323528451177 
0.15797466456898537 0.12920857411556824 0.23760558710514884 0.23760558710514884 0.23760558710514884 
0.06568521640045959 0.02354722538992346 0.3035891860698723 0.3035891860698723 0.3035891860698723 
0.2 0.2 0.2 0.2 0.2 
0.2 0.2 0.2 0.2 0.2 
0.1268228988954454 0.10330250370079966 0.23772523715428168 0.23772523715428168 0.2944241230951912 
0.2 0.2 0.2 0.2 0.2 
0.12998053993644434 0.08677604463460185 0.24206262843345042 0.24206262843345042 0.2991181585620529 
0.18347744683615302 0.18347744683615302 0.22478382974577063 0.22478382974577063 0.18347744683615302 
0.15968239858692226 0.3612704056523108 0.15968239858692226 0.15968239858692226 0.15968239858692226 
0.22453136198566015 0.22453136198566015 0.18364575867622646 0.18364575867622646 0.18364575867622646 
0.2344688915609822 0.19138277710975451 0.19138277710975451 0.19138277710975451 0.19138277710975451 
0.2 0.2 0.2 0.2 0.2 
0.06093453732853289 0.021844173820756863 0.28163211761884505 0.28163211761884505 0.3539570536130197 
0.2 0.2 0.2 0.2 0.2 
0.2 0.2 0.2 0.2 0.2 
0.2075590111955787 0.16976395521768495 0.2075590111955787 0.2075590111955787 0.2075590111955787 
0.2838638225900296 0.2838638225900296 0.15340192717241763 0.15340192717241763 0.1254685004751054 
0.2 0.2 0.2 0.2 0.2 
0.2838638225900296 0.2838638225900296 0.15340192717241763 0.15340192717241763 0.1254685004751054 
0.12988311577809694 0.38753384517730005 0.16086101301486758 0.16086101301486758 0.16086101301486758 
0.06424983752453878 0.06424983752453878 0.07904639319099141 0.07904639319099141 0.7134075385689396 
1.4048170315873794E-16 1.482286113294907E-20 0.005206987171243496 0.005206987171243496 0.989586025657513 
0.7361135559628071 0.26388634710675934 4.701448634004475E-8 4.701448634004475E-8 2.9014610705521973E-9 
5.474741159717622E-5 0.999677913701198 8.269141890110957E-5 8.269141890110957E-5 1.0195604940262846E-4 
0.10603433179550933 0.6159331195346491 0.08599910843716616 0.08599910843716616 0.10603433179550933 
0.1287706822530964 0.45559816227705296 0.1287706822530964 0.1287706822530964 0.15808979096365808 
0.16452368637574094 0.48512130611822374 0.10845906404805349 0.10845906404805349 0.13343687940992802 
0.03524966289195815 0.007754082905444962 0.2318754251886875 0.2318754251886875 0.4932454038252217 
0.18188812442370433 0.27244750230518255 0.18188812442370433 0.18188812442370433 0.18188812442370433 
0.09553531032836696 0.5343163590569965 0.09553531032836696 0.09553531032836696 0.17907770995790237 
0.2 0.2 0.2 0.2 0.2 
0.2 0.2 0.2 0.2 0.2 
0.22453136198566015 0.22453136198566015 0.18364575867622646 0.18364575867622646 0.18364575867622646 
0.2 0.2 0.2 0.2 0.2 
0.22453136198566015 0.22453136198566015 0.18364575867622646 0.18364575867622646 0.18364575867622646 
0.2 0.2 0.2 0.2 0.2 
0.2 0.2 0.2 0.2 0.2 
0.21571185274517785 0.21571185274517785 0.17643222088223307 0.17643222088223307 0.21571185274517785 
0.21571185274517785 0.21571185274517785 0.17643222088223307 0.17643222088223307 0.21571185274517785 
0.13886331870255084 0.07504267542149676 0.2620313352919841 0.2620313352919841 0.2620313352919841 
0.18188812442370433 0.18188812442370433 0.18188812442370433 0.18188812442370433 0.27244750230518255 
0.19138277710975451 0.19138277710975451 0.19138277710975451 0.19138277710975451 0.2344688915609822 
0.2 0.2 0.2 0.2 0.2 
0.0917973918551404 0.04991890238625529 0.264550435395558 0.264550435395558 0.3291828349674885 
0.24087937523083602 0.24087937523083602 0.1608129911354928 0.1608129911354928 0.1966152672673423 
0.16088499941595522 0.10696614556319133 0.2440496183402844 0.2440496183402844 0.2440496183402844 
0.2 0.2 0.2 0.2 0.2 
0.22453136198566015 0.22453136198566015 0.18364575867622646 0.18364575867622646 0.18364575867622646 
0.22478382974577063 0.18347744683615302 0.18347744683615302 0.18347744683615302 0.22478382974577063 
0.13818889623476163 0.07420338885873841 0.26253590496883333 0.26253590496883333 0.26253590496883333 
0.042833206588722327 0.022699427192377924 0.25885767412464905 0.25885767412464905 0.41675201796960154 
0.13380198276879227 0.10875582434969065 0.2524807309605056 0.2524807309605056 0.2524807309605056 
0.2 0.2 0.2 0.2 0.2 
0.22453136198566015 0.22453136198566015 0.18364575867622646 0.18364575867622646 0.18364575867622646 
0.16497393840375685 0.30337560614524467 0.16497393840375685 0.16497393840375685 0.20170257864348454 
0.13784538123880352 0.09202667538464561 0.2567093144588503 0.2567093144588503 0.2567093144588503 
0.1743593961020298 0.3978113247766285 0.14260975970711393 0.14260975970711393 0.14260975970711393 
0.22453136198566015 0.22453136198566015 0.18364575867622646 0.18364575867622646 0.18364575867622646 
0.09592482499566456 0.2733968826564813 0.17864070484568637 0.17864070484568637 0.2733968826564813 
