0.14544747042791942 0.2246659710823015 0.2246659710823015 0.2246659710823015 0.1805546163251764 
0.2 0.2 0.2 0.2 0.2 
0.27244750230518255 0.18188812442370433 0.18188812442370433 0.18188812442370433 0.18188812442370433 
0.26776315087031494 0.1725219871305404 0.1725219871305404 0.1725219871305404 0.21467088773806425 
0.2938081250021824 0.19283959595010008 0.19283959595010008 0.19283959595010008 0.12767308714751788 
0.027545682266493662 0.2979819755954219 0.2979819755954219 0.2979819755954219 0.07850839094724052 
0.27244750230518255 0.18188812442370433 0.18188812442370433 0.18188812442370433 0.18188812442370433 
0.27244750230518255 0.18188812442370433 0.18188812442370433 0.18188812442370433 0.18188812442370433 
0.8518368878178154 0.03260162874257265 0.03260162874257265 0.03260162874257265 0.05035822595446668 
0.23410279603810327 0.19147430099047413 0.19147430099047413 0.19147430099047413 0.19147430099047413 
0.07520676602015383 0.2772866026648097 0.2772866026648097 0.2772866026648097 0.09293342598541707 
0.7932753189568118 0.048956345912953905 0.048956345912953905 0.048956345912953905 0.05985564330432642 
0.44943574140873904 0.13038411357022106 0.13038411357022106 0.13038411357022106 0.1594119178805977 
0.27244750230518255 0.18188812442370433 0.18188812442370433 0.18188812442370433 0.18188812442370433 
0.26776315087031494 0.1725219871305404 0.1725219871305404 0.1725219871305404 0.21467088773806425 
0.2938081250021824 0.19283959595010008 0.19283959595010008 0.19283959595010008 0.12767308714751788 
0.027545682266493662 0.2979819755954219 0.2979819755954219 0.2979819755954219 0.07850839094724052 
0.27244750230518255 0.18188812442370433 0.18188812442370433 0.18188812442370433 0.18188812442370433 
0.27244750230518255 0.18188812442370433 0.18188812442370433 0.18188812442370433 0.18188812442370433 
0.8518368878178154 0.03260162874257265 0.03260162874257265 0.03260162874257265 0.05035822595446668 
0.3149430355956448 0.17126424110108873 0.17126424110108873 0.17126424110108873 0.17126424110108873 
0.07587270883261993 0.26153421772900803 0.26153421772900803 0.26153421772900803 0.1395246379803559 
0.20763086935860398 0.20763086935860398 0.20763086935860398 0.20763086935860398 0.16947652256558413 
0.3612704056523108 0.15968239858692226 0.15968239858692226 0.15968239858692226 0.15968239858692226 
0.2137276688970563 0.17480934314738605 0.17480934314738605 0.17480934314738605 0.26184430166078543 
0.2 0.2 0.2 0.2 0.2 
0.2 0.2 0.2 0.2 0.2 
0.018038590003860183 0.30125721350718804 0.30125721350718804 0.30125721350718804 0.07818976947457551 
0.27244750230518255 0.18188812442370433 0.18188812442370433 0.18188812442370433 0.18188812442370433 
0.3149430355956448 0.17126424110108873 0.17126424110108873 0.17126424110108873 0.17126424110108873 
0.3162928435014195 0.1709267891246451 0.1709267891246451 0.1709267891246451 0.1709267891246451 
0.2137276688970563 0.17480934314738605 0.17480934314738605 0.17480934314738605 0.26184430166078543 
0.2 0.2 0.2 0.2 0.2 
0.5565503349718944 0.10501733555251662 0.10501733555251662 0.10501733555251662 0.12839765837055572 
0.9566529885836091 0.012292275358264623 0.012292275358264623 0.012292275358264623 0.006470185341597364 
6.244593352099578E-5 6.919082778660805E-6 1.6207522766968785E-5 1.6207522766968785E-5 0.9998982199381664 
2.2624309808011003E-40 0.999999999998181 9.094947017712963E-13 9.094947017712963E-13 2.141070108884323E-33 
0.3855696292432333 0.16899390118640314 0.13822128419198018 0.13822128419198018 0.16899390118640314 
0.9559161486259279 0.01102096284351792 0.01102096284351792 0.01102096284351792 0.01102096284351792 
1.0 2.487569170435934E-28 2.487569170435934E-28 2.487569170435934E-28 7.250567168133479E-28 
0.8968740361650268 0.024377947866134807 0.024377947866134807 0.024377947866134807 0.02999212023656889 
0.5977255099872659 0.05383145653042858 0.05383145653042858 0.05383145653042858 0.24078012042144822 
0.01944991177598065 0.168278740532615 0.168278740532615 0.168278740532615 0.475713866626174 
0.46287189623337455 0.13428202594165645 0.13428202594165645 0.13428202594165645 0.13428202594165645 
0.993673138147823 2.4288927810039234E-4 2.988259911360373E-4 2.988259911360373E-4 0.005486320591804491 
0.26184430166078543 0.17480934314738605 0.17480934314738605 0.17480934314738605 0.2137276688970563 
0.7632124430961414 0.05919688922596457 0.05919688922596457 0.05919688922596457 0.05919688922596457 
0.2 0.2 0.2 0.2 0.2 
0.2 0.2 0.2 0.2 0.2 
0.2 0.2 0.2 0.2 0.2 
0.27244750230518255 0.18188812442370433 0.18188812442370433 0.18188812442370433 0.18188812442370433 
0.23410279603810327 0.19147430099047413 0.19147430099047413 0.19147430099047413 0.19147430099047413 
0.20554465306869155 0.1372232489402939 0.1372232489402939 0.1372232489402939 0.3827856001104269 
0.22193374646944838 0.12068631583462498 0.12068631583462498 0.12068631583462498 0.4160073060266768 
0.12218206603319923 0.23055426163327344 0.23055426163327344 0.23055426163327344 0.18615514906698 
0.11475243302381828 0.11475243302381828 0.14030010964441392 0.14030010964441392 0.4898949146635356 
0.18168360351104154 0.18168360351104154 0.18168360351104154 0.18168360351104154 0.27326558595583417 
0.2 0.2 0.2 0.2 0.2 
0.17443084712613696 0.21704610191590884 0.21704610191590884 0.21704610191590884 0.17443084712613696 
0.2498236298095381 0.16678424679364126 0.16678424679364126 0.16678424679364126 0.2498236298095381 
0.10696614556319133 0.2440496183402844 0.2440496183402844 0.2440496183402844 0.16088499941595522 
0.2 0.2 0.2 0.2 0.2 
0.23410279603810327 0.19147430099047413 0.19147430099047413 0.19147430099047413 0.19147430099047413 
0.19348310471700678 0.12863935120308725 0.15760000216954986 0.15760000216954986 0.3626775397408063 
0.04242219339831351 0.2797468938788393 0.2797468938788393 0.2797468938788393 0.11833712496516885 
0.04473478539848748 0.2817807736549474 0.2817807736549474 0.2817807736549474 0.10992289363667015 
0.20429906496396036 0.2536114184841778 0.20429906496396036 0.20429906496396036 0.1334913866239409 
0.5162741233662188 0.12093146915844531 0.12093146915844531 0.12093146915844531 0.12093146915844531 
0.6224403493659293 0.09438991265851776 0.09438991265851776 0.09438991265851776 0.09438991265851776 
0.8305859231681229 0.03219312090739496 0.03219312090739496 0.03219312090739496 0.07283471410969261 
0.12796590362480173 0.2383107732621139 0.2383107732621139 0.2383107732621139 0.15710177658885638 
0.3978113247766285 0.14260975970711393 0.14260975970711393 0.14260975970711393 0.1743593961020298 
0.26184430166078543 0.17480934314738605 0.17480934314738605 0.17480934314738605 0.2137276688970563 
0.3129797998546053 0.08488761573942098 0.10489610671842946 0.10489610671842946 0.3923403709691147 
