0.20430099850338257 0.2542138393137618 0.20430099850338257 0.1328831651760908 0.20430099850338257 
0.19147430099047413 0.19147430099047413 0.19147430099047413 0.23410279603810322 0.19147430099047413 
0.18188812442370433 0.18188812442370433 0.18188812442370433 0.27244750230518255 0.18188812442370433 
0.25482989061198175 0.20430204328736337 0.20430204328736337 0.13226397952592814 0.20430204328736337 
0.17427366521468282 0.21395310502517184 0.17427366521468282 0.2632258993307799 0.17427366521468282 
0.11977973475416855 0.4480092449396511 0.18415515146948025 0.06390071736722025 0.18415515146948025 
0.19147430099047413 0.19147430099047413 0.19147430099047413 0.23410279603810322 0.19147430099047413 
0.19147430099047413 0.19147430099047413 0.19147430099047413 0.23410279603810322 0.19147430099047413 
0.07190662526911343 0.04655193976202807 0.07190662526911343 0.7377281844306318 0.07190662526911343 
0.19147430099047413 0.19147430099047413 0.19147430099047413 0.23410279603810322 0.19147430099047413 
0.11288007553261177 0.41038526919440266 0.17198274648388776 0.09175025222472157 0.2130016565643761 
0.12982748453481388 0.08667386362835308 0.10597032454936169 0.5715580027381099 0.10597032454936169 
0.16394876852584983 0.1340948351878152 0.16394876852584983 0.37405885923463505 0.16394876852584983 
0.18188812442370433 0.18188812442370433 0.18188812442370433 0.27244750230518255 0.18188812442370433 
0.25482989061198175 0.20430204328736337 0.20430204328736337 0.13226397952592814 0.20430204328736337 
0.17427366521468282 0.21395310502517184 0.17427366521468282 0.2632258993307799 0.17427366521468282 
0.11977973475416855 0.4480092449396511 0.18415515146948025 0.06390071736722025 0.18415515146948025 
0.19147430099047413 0.19147430099047413 0.19147430099047413 0.23410279603810322 0.19147430099047413 
0.19147430099047413 0.19147430099047413 0.19147430099047413 0.23410279603810322 0.19147430099047413 
0.07190662526911343 0.04655193976202807 0.07190662526911343 0.7377281844306318 0.07190662526911343 
0.17126424110108873 0.17126424110108873 0.17126424110108873 0.3149430355956448 0.17126424110108873 
0.18111649244996406 0.2747391678404121 0.22282710785229898 0.09849012400502546 0.22282710785229898 
0.19138277710975451 0.19138277710975451 0.19138277710975451 0.2344688915609822 0.19138277710975451 
0.17126424110108873 0.17126424110108873 0.17126424110108873 0.3149430355956448 0.17126424110108873 
0.232553433006913 0.1552545257344294 0.232553433006913 0.18981930412587233 0.18981930412587233 
0.19138277710975451 0.19138277710975451 0.19138277710975451 0.2344688915609822 0.19138277710975451 
0.2 0.2 0.2 0.2 0.2 
0.12240102978326627 0.45781361133902865 0.1881852570972846 0.04341484468313636 0.1881852570972846 
0.14728603785505995 0.14728603785505995 0.14728603785505995 0.4108558485797606 0.14728603785505995 
0.18188812442370433 0.18188812442370433 0.18188812442370433 0.27244750230518255 0.18188812442370433 
0.19138277710975451 0.19138277710975451 0.19138277710975451 0.2344688915609822 0.19138277710975451 
0.2526015028707924 0.16794486262638186 0.20575438593822215 0.16794486262638186 0.20575438593822215 
0.2 0.2 0.2 0.2 0.2 
0.178528695861963 0.11918718054448735 0.14572217824025804 0.41083976711303327 0.14572217824025804 
0.008905034734601988 0.016803560249971105 0.01097964182255696 0.9523321213703129 0.01097964182255696 
0.9980072579342817 2.7470337341590636E-7 0.0014878208610313351 6.801828966538016E-8 5.045784830236896E-4 
1.4500064444553321E-13 0.999999999412206 1.0548480672766629E-10 3.4948807413891406E-18 4.82164368808392E-10 
0.17641771690510538 0.1442932745717498 0.17641771690510538 0.3264535747129339 0.17641771690510538 
0.01463915222509601 0.01804963740263569 0.01804963740263569 0.9312119355669969 0.01804963740263569 
1.4558269980323347E-10 4.937281076317811E-11 9.380012365498044E-11 0.9999999996174442 9.380012365498044E-11 
2.0811405758486514E-5 1.691575522502644E-5 2.0811405758486514E-5 0.9999206500274994 2.0811405758486514E-5 
0.253193086676042 0.05478140675797476 0.16153070833052383 0.40099251070424347 0.1295022875312158 
0.40885977998394324 0.10867747492058837 0.23812573042493504 0.006211284245598181 0.23812573042493504 
0.13428202594165645 0.13428202594165645 0.13428202594165645 0.46287189623337466 0.13428202594165645 
0.15378231585891114 0.004561834018817842 0.04438503872099252 0.7623396738119954 0.03493113758928293 
0.2075590111955787 0.16976395521768495 0.2075590111955787 0.2075590111955787 0.2075590111955787 
0.10753145569987334 0.10753145569987334 0.10753145569987334 0.5698741772005068 0.10753145569987334 
0.19147430099047413 0.19147430099047413 0.19147430099047413 0.23410279603810322 0.19147430099047413 
0.2 0.2 0.2 0.2 0.2 
0.2 0.2 0.2 0.2 0.2 
0.19147430099047413 0.19147430099047413 0.19147430099047413 0.23410279603810322 0.19147430099047413 
0.19147430099047413 0.19147430099047413 0.19147430099047413 0.23410279603810322 0.19147430099047413 
0.33238613375123666 0.1166219651126555 0.21718496801172604 0.1166219651126555 0.21718496801172604 
0.3646877123780465 0.10307566935198606 0.23720323383940922 0.10307566935198606 0.1919577150785723 
0.1448923903400848 0.221747489598431 0.17904434595568175 0.27527142815012035 0.17904434595568175 
0.42703260987779035 0.07776599187923848 0.22164210106647483 0.05191719611002151 0.22164210106647483 
0.22324406902635005 0.18184154019211066 0.22324406902635005 0.1484262527288394 0.22324406902635005 
0.2 0.2 0.2 0.2 0.2 
0.20430099850338257 0.2542138393137618 0.20430099850338257 0.1328831651760908 0.20430099850338257 
0.2328861443321571 0.15483689159782227 0.189695409868932 0.2328861443321571 0.189695409868932 
0.1729497644059033 0.26122625709805086 0.21232777231391683 0.14116843386821215 0.21232777231391683 
0.2 0.2 0.2 0.2 0.2 
0.19147430099047413 0.19147430099047413 0.19147430099047413 0.23410279603810322 0.19147430099047413 
0.3412396779496057 0.11840809253035106 0.22195196705738426 0.09644829540527494 0.22195196705738426 
0.15751045126294863 0.3689584742002291 0.1942056813609711 0.08511971181487979 0.1942056813609711 
0.15673333316775162 0.3974011242309088 0.19698345941525877 0.05189862377082193 0.19698345941525877 
0.0799041116108067 0.15077690247017533 0.09851938277425326 0.5722802203705113 0.09851938277425326 
0.14728603785505995 0.14728603785505995 0.14728603785505995 0.4108558485797606 0.14728603785505995 
0.13428202594165645 0.13428202594165645 0.13428202594165645 0.46287189623337466 0.13428202594165645 
0.17695681090191975 0.06276542341623559 0.11614477957235182 0.527988206537141 0.11614477957235182 
0.16302820764655693 0.303607266680196 0.20014722929997017 0.13307006707330668 0.20014722929997017 
0.18789995867687906 0.1536846797760521 0.18789995867687906 0.28261544419331086 0.18789995867687906 
0.232553433006913 0.15525452573442944 0.18981930412587233 0.232553433006913 0.18981930412587233 
0.31869879525597083 0.0666331701085769 0.20123151813753123 0.2529090639812362 0.1605274525166846 
