0.2542138393137618 0.20430099850338257 0.13288316517609083 0.20430099850338257 0.20430099850338257 
0.19147430099047413 0.19147430099047413 0.23410279603810327 0.19147430099047413 0.19147430099047413 
0.18188812442370433 0.18188812442370433 0.27244750230518255 0.18188812442370433 0.18188812442370433 
0.17105033439230705 0.2654790688194971 0.1377912066695893 0.21283969505930334 0.21283969505930334 
0.25086507604057207 0.1660899493062854 0.25086507604057207 0.1660899493062854 0.1660899493062854 
0.4975051868969882 0.13107615530484057 0.04598976088004543 0.1627144484590628 0.1627144484590628 
0.19147430099047413 0.19147430099047413 0.23410279603810327 0.19147430099047413 0.19147430099047413 
0.19147430099047413 0.19147430099047413 0.23410279603810327 0.19147430099047413 0.19147430099047413 
0.03792718288352459 0.07255708247466375 0.7444015696924844 0.07255708247466375 0.07255708247466375 
0.19147430099047413 0.19147430099047413 0.23410279603810327 0.19147430099047413 0.19147430099047413 
0.47162491889627295 0.12791597063772392 0.0843261341742674 0.15806648814586782 0.15806648814586782 
0.08879219318666656 0.10856026413898849 0.5855270143963682 0.10856026413898849 0.10856026413898849 
0.1340948351878152 0.16394876852584983 0.37405885923463505 0.16394876852584983 0.16394876852584983 
0.18188812442370433 0.18188812442370433 0.27244750230518255 0.18188812442370433 0.18188812442370433 
0.17105033439230705 0.2654790688194971 0.1377912066695893 0.21283969505930334 0.21283969505930334 
0.25086507604057207 0.1660899493062854 0.25086507604057207 0.1660899493062854 0.1660899493062854 
0.4975051868969882 0.13107615530484057 0.04598976088004543 0.1627144484590628 0.1627144484590628 
0.19147430099047413 0.19147430099047413 0.23410279603810327 0.19147430099047413 0.19147430099047413 
0.19147430099047413 0.19147430099047413 0.23410279603810327 0.19147430099047413 0.19147430099047413 
0.03792718288352459 0.07255708247466375 0.7444015696924844 0.07255708247466375 0.07255708247466375 
0.17126424110108873 0.17126424110108873 0.3149430355956448 0.17126424110108873 0.17126424110108873 
0.31884886377901217 0.17010115416450203 0.09250004535996673 0.20927496834825962 0.20927496834825962 
0.22478382974577063 0.18347744683615302 0.22478382974577063 0.18347744683615302 0.18347744683615302 
0.17126424110108873 0.17126424110108873 0.3149430355956448 0.17126424110108873 0.17126424110108873 
0.15525452573442944 0.232553433006913 0.18981930412587236 0.18981930412587236 0.232553433006913 
0.19138277710975451 0.19138277710975451 0.2344688915609822 0.19138277710975451 0.19138277710975451 
0.2 0.2 0.2 0.2 0.2 
0.5592696329154953 0.11693143852862234 0.03348778106364347 0.14515557374611934 0.14515557374611934 
0.15968239858692226 0.15968239858692226 0.3612704056523108 0.15968239858692226 0.15968239858692226 
0.18188812442370433 0.18188812442370433 0.27244750230518255 0.18188812442370433 0.18188812442370433 
0.18168360351104154 0.18168360351104154 0.27326558595583417 0.18168360351104154 0.18168360351104154 
0.14889176582436528 0.22302275006234462 0.1820399839886009 0.22302275006234462 0.22302275006234462 
0.2 0.2 0.2 0.2 0.2 
0.11918718054448732 0.178528695861963 0.41083976711303327 0.14572217824025804 0.14572217824025804 
0.020775229276601456 0.008869062421027014 0.9484851302334517 0.01093528903445977 0.01093528903445977 
8.579856659258603E-7 0.8996631776338639 3.90035879920519E-6 0.04122343270526173 0.05910863131640938 
1.0 8.271806125530684E-25 6.411954163101516E-31 3.171211938934136E-23 1.9352984999785172E-23 
0.2366931204798836 0.1573680011869796 0.2912028759591775 0.1573680011869796 0.1573680011869796 
0.01804963740263569 0.01463915222509601 0.931211935566997 0.01804963740263569 0.01804963740263569 
1.984887816472672E-11 5.7853918618965694E-11 0.9999999998293077 4.6494767448910826E-11 4.6494767448910826E-11 
2.4099793902065813E-5 2.9649908202133263E-5 0.9998869504814918 2.9649908202133263E-5 2.9649908202133263E-5 
0.04021158010629653 0.22489805078850986 0.44649520513797886 0.14419758198360733 0.14419758198360733 
0.0762127392058123 0.3624039447902027 0.007227317304566666 0.27707799934970895 0.27707799934970895 
0.13428202594165645 0.13428202594165645 0.46287189623337455 0.13428202594165645 0.13428202594165645 
0.0021677789613059116 0.0797534180159981 0.8410072772347799 0.03853576289395796 0.03853576289395796 
0.16976395521768495 0.2075590111955787 0.2075590111955787 0.2075590111955787 0.2075590111955787 
0.09438991265851776 0.09438991265851776 0.6224403493659293 0.09438991265851776 0.09438991265851776 
0.19147430099047413 0.19147430099047413 0.23410279603810327 0.19147430099047413 0.19147430099047413 
0.2 0.2 0.2 0.2 0.2 
0.2 0.2 0.2 0.2 0.2 
0.19147430099047413 0.19147430099047413 0.23410279603810327 0.19147430099047413 0.19147430099047413 
0.19147430099047413 0.19147430099047413 0.23410279603810327 0.19147430099047413 0.19147430099047413 
0.08677604463460184 0.2991181585620529 0.12998053993644434 0.24206262843345042 0.24206262843345042 
0.08677604463460184 0.2991181585620529 0.12998053993644434 0.24206262843345042 0.24206262843345042 
0.21442447446365068 0.1731315644508959 0.2661808321836614 0.1731315644508959 0.1731315644508959 
0.06313969653784686 0.33461541442926396 0.06313969653784686 0.26955259624752104 0.26955259624752104 
0.15355741799319986 0.23096172133786688 0.15355741799319986 0.23096172133786688 0.23096172133786688 
0.2 0.2 0.2 0.2 0.2 
0.2542138393137618 0.20430099850338257 0.13288316517609083 0.20430099850338257 0.20430099850338257 
0.13031640281307824 0.239642807079795 0.239642807079795 0.19519899151366593 0.19519899151366593 
0.2927410069060099 0.19298385732130155 0.12830742113008545 0.19298385732130155 0.19298385732130155 
0.2 0.2 0.2 0.2 0.2 
0.19147430099047413 0.19147430099047413 0.23410279603810327 0.19147430099047413 0.19147430099047413 
0.0880625362089639 0.30749362042898853 0.10788810552750759 0.24827786891726972 0.24827786891726972 
0.42113736097178656 0.14448639553005516 0.07808142412186753 0.17814740968814535 0.17814740968814535 
0.4559192950950367 0.14151301275359723 0.04685876615482828 0.1778544629982687 0.1778544629982687 
0.17741125128799948 0.09338252228024589 0.5424411818712629 0.09338252228024589 0.09338252228024589 
0.14728603785505995 0.14728603785505995 0.4108558485797606 0.14728603785505995 0.14728603785505995 
0.12093146915844531 0.12093146915844531 0.5162741233662188 0.12093146915844531 0.12093146915844531 
0.05376555999398716 0.14997955744748662 0.5529731452970696 0.12164086863072826 0.12164086863072826 
0.2927410069060099 0.19298385732130155 0.12830742113008545 0.19298385732130155 0.19298385732130155 
0.1442932745717498 0.17641771690510538 0.3264535747129339 0.17641771690510538 0.17641771690510538 
0.1621853765171327 0.19829319090211614 0.24293505077651895 0.19829319090211614 0.19829319090211614 
0.05002101616128916 0.2905624999451428 0.2905624999451428 0.1844269919742128 0.1844269919742128 
