










































0.7915060978519676
0.7706941037653893
0.7698770055233264
0.692635529825596
0.5147432349189183
0.4814695332361931
0.46007006376539356
0.3025769369264873
0.07898518105907046
0.04518613295554985


0.9454722569935041
0.6353304249497336
0.5186131439342336
0.47913867583550473
0.46070861383465883
0.432566784912156
0.26864228180808786
0.2431241549638596
0.17429053240071185
0.1296908324985994


0.7444245684727966
0.674585317711995
0.6734533355382484
0.6001103552562922
0.5441588764151685
0.34678691253602234
0.3031866249190597
0.2849375987660235
0.23881121733987667
0.13135355669529997


0.8637162217773402
0.8021811253343587
0.7989450409922221
0.7609816031460934
0.43663588594361685
0.24264781537813057
0.15290603003153466
0.15229045017241413
0.11099894494852812
0.10465392792603471


